5 0.46328125 0.3875 0.0625 0.13515625
6 0.45234375 0.45703125 0.0921875 0.39375
6 0.546875 0.5375 0.0828125 0.45625
6 0.17109375 0.44921875 0.0796875 0.43359375
5 0.55234375 0.46796875 0.0546875 0.1796875
1 0.18203125 0.2546875 0.0359375 0.04375
3 0.5515625 0.3265625 0.02734375 0.03125
7 0.16171875 0.6453125 0.0328125 0.03515625
7 0.18515625 0.61640625 0.03515625 0.03203125
4 0.521875 0.71015625 0.03359375 0.03203125
4 0.5484375 0.746875 0.0421875 0.03359375
3 0.46171875 0.278125 0.0265625 0.03203125
7 0.4546875 0.63671875 0.015625 0.025
2 0.4203125 0.459375 0.0171875 0.0375
7 0.41953125 0.61640625 0.02890625 0.0328125
2 0.4890625 0.478125 0.0125 0.0375
8 0.1609375 0.3953125 0.0609375 0.19375
2 0.1609375 0.49296875 0.0140625 0.03203125