6 0.5234375 0.54375 0.1078125 0.5046875
6 0.6546875 0.54375 0.090625 0.46015625
6 0.79921875 0.65234375 0.1203125 0.5265625
8 0.5390625 0.490625 0.065625 0.228125
1 0.5328125 0.328125 0.04453125 0.05546875
5 0.809375 0.5765625 0.075 0.2234375
5 0.66640625 0.478125 0.0578125 0.178125
3 0.821875 0.409375 0.034375 0.040625
3 0.67578125 0.33125 0.0328125 0.0390625
2 0.6421875 0.57265625 0.01875 0.04296875
2 0.56015625 0.61796875 0.01796875 0.02734375
7 0.63671875 0.7453125 0.0453125 0.0359375
7 0.5109375 0.765625 0.03671875 0.034375
4 0.75625 0.8765625 0.0484375 0.0359375
2 0.77578125 0.684375 0.015625 0.03203125
7 0.48828125 0.7375 0.0375 0.03125
7 0.6296875 0.72109375 0.01953125 0.02421875