1 0.44140625 0.2078125 0.0125 0.0203125
5 0.440625 0.25 0.02578125 0.059375
8 0.4875 0.27265625 0.0296875 0.07265625
6 0.48828125 0.29609375 0.0328125 0.184375
6 0.43984375 0.28203125 0.03203125 0.15625
4 0.484375 0.378125 0.01171875 0.0140625
1 0.4875 0.21640625 0.0140625 0.01875
7 0.44609375 0.34921875 0.0109375 0.0140625
7 0.43359375 0.35078125 0.009375 0.01171875
0 0.43828125 0.23984375 0.00859375 0.0140625
0 0.44296875 0.246875 0.00859375 0.01328125
4 0.4921875 0.37265625 0.009375 0.01328125