4 0.5390625 0.53046875 0.0125 0.0203125
1 0.42890625 0.22421875 0.02265625 0.02734375
5 0.4234375 0.3078125 0.04375 0.11015625
8 0.53125 0.34921875 0.05 0.1375
0 0.50546875 0.4046875 0.00859375 0.03046875
4 0.51953125 0.52421875 0.015625 0.0203125
1 0.52265625 0.25078125 0.02890625 0.03515625
7 0.43359375 0.48515625 0.01953125 0.0203125
7 0.41640625 0.4875 0.0125 0.01953125
0 0.4078125 0.3671875 0.00703125 0.0234375
0 0.55078125 0.40390625 0.0140625 0.046875
0 0.44375 0.3765625 0.0109375 0.0359375
6 0.4265625 0.3484375 0.071875 0.30078125
6 0.53203125 0.3828125 0.07265625 0.3453125