2 0.34609375 0.496875 0.021875 0.04375
2 0.40859375 0.49609375 0.02421875 0.040625
2 0.59765625 0.55234375 0.01484375 0.0265625
2 0.54921875 0.5265625 0.01171875 0.02578125
3 0.4625 0.28671875 0.0296875 0.04140625
4 0.571875 0.70625 0.02421875 0.03125
4 0.5421875 0.69140625 0.03046875 0.02734375
4 0.41328125 0.66640625 0.02265625 0.02890625
7 0.2734375 0.68984375 0.0203125 0.0375
7 0.30234375 0.68046875 0.034375 0.03828125
8 0.29765625 0.42265625 0.0671875 0.1875
5 0.45 0.4046875 0.0765625 0.13515625
5 0.5859375 0.44921875 0.0734375 0.15078125
1 0.30859375 0.27265625 0.0421875 0.04921875
6 0.3 0.48515625 0.09296875 0.46484375
2 0.26953125 0.521875 0.01640625 0.04453125
4 0.45078125 0.67421875 0.01875 0.03203125
2 0.47734375 0.50859375 0.0203125 0.03828125
6 0.4484375 0.47734375 0.09765625 0.43671875
6 0.5765625 0.51328125 0.0984375 0.4296875
3 0.5875 0.31796875 0.0375 0.03828125