6 0.7640625 0.5703125 0.1078125 0.44375
4 0.75703125 0.77265625 0.01640625 0.0296875
4 0.7296875 0.7515625 0.02890625 0.0296875
6 0.58984375 0.3390625 0.03359375 0.1453125
4 0.57890625 0.4078125 0.009375 0.009375
4 0.5890625 0.40390625 0.00703125 0.01171875
3 0.7875 0.37109375 0.025 0.03515625
5 0.7765625 0.48984375 0.07890625 0.17109375
2 0.6015625 0.35234375 0.00546875 0.009375
2 0.76640625 0.47890625 0.02265625 0.0421875
2 0.753125 0.46953125 0.00859375 0.028125
2 0.58515625 0.34765625 0.00625 0.0078125
5 0.59296875 0.31953125 0.01875 0.0640625
3 0.59765625 0.27109375 0.00859375 0.01015625