6 0.49609375 0.303125 0.040625 0.19609375
1 0.50078125 0.21953125 0.01484375 0.0203125
7 0.440625 0.3453125 0.0125 0.0125
7 0.43203125 0.34453125 0.00859375 0.0140625
1 0.434375 0.21875 0.0125 0.02109375
0 0.4859375 0.32265625 0.00703125 0.01953125
6 0.43828125 0.27890625 0.02890625 0.14921875
0 0.434375 0.2796875 0.0046875 0.015625
0 0.43125 0.26328125 0.00859375 0.01875
0 0.51484375 0.31953125 0.00859375 0.02265625
4 0.48984375 0.3953125 0.0109375 0.0171875
4 0.5015625 0.3953125 0.01328125 0.01796875
8 0.49921875 0.28203125 0.03359375 0.0796875
5 0.4390625 0.2546875 0.0234375 0.05078125