6 0.44765625 0.45546875 0.08359375 0.38046875
8 0.33671875 0.3640625 0.053125 0.1578125
5 0.453125 0.4015625 0.0640625 0.15625
6 0.24296875 0.4265625 0.0703125 0.371875
6 0.3375 0.4171875 0.06875 0.3875
1 0.35078125 0.2390625 0.0296875 0.03359375
4 0.415625 0.61015625 0.02734375 0.0265625
3 0.453125 0.27890625 0.02578125 0.025
7 0.33671875 0.590625 0.034375 0.0265625
7 0.24765625 0.58046875 0.03125 0.028125
2 0.46953125 0.478125 0.0125 0.028125
4 0.4484375 0.61796875 0.01640625 0.03125
0 0.35390625 0.43984375 0.0125 0.0515625
2 0.2640625 0.43046875 0.0125 0.034375
2 0.2234375 0.44375 0.01328125 0.03984375
5 0.24609375 0.3609375 0.0640625 0.15625