8 0.403125 0.446875 0.07421875 0.228125
3 0.51953125 0.30859375 0.0421875 0.053125
6 0.5015625 0.57109375 0.08984375 0.5796875
1 0.43671875 0.30625 0.0390625 0.0546875
7 0.4671875 0.82890625 0.0515625 0.0484375
2 0.46484375 0.61640625 0.0203125 0.04296875
5 0.4953125 0.4890625 0.0625 0.24609375
7 0.39921875 0.740625 0.0390625 0.03125
2 0.5296875 0.578125 0.02109375 0.04140625
7 0.42421875 0.721875 0.03359375 0.03359375
7 0.49296875 0.80390625 0.0328125 0.04140625
2 0.4484375 0.3234375 0.01875 0.03828125
4 0.9390625 0.9671875 0.04453125 0.0421875