6 0.58984375 0.42734375 0.0609375 0.28125
5 0.4578125 0.45078125 0.0921875 0.2046875
3 0.5953125 0.3 0.01484375 0.01953125
4 0.5875 0.559375 0.01328125 0.01796875
4 0.56796875 0.5546875 0.015625 0.01640625
3 0.4609375 0.29921875 0.0328125 0.05078125
4 0.41953125 0.77109375 0.03046875 0.03671875
4 0.4421875 0.7453125 0.0125 0.0265625
2 0.60546875 0.4453125 0.01015625 0.025
2 0.57109375 0.4421875 0.01015625 0.021875
5 0.590625 0.38984375 0.0359375 0.128125
2 0.40390625 0.55859375 0.01796875 0.0484375
2 0.47578125 0.565625 0.01640625 0.0390625
6 0.44921875 0.53515625 0.115625 0.5375