6 0.13671875 0.3875 0.109375 0.3671875
5 0.2296875 0.3265625 0.053125 0.12109375
6 0.228125 0.37734375 0.06953125 0.33515625
8 0.11171875 0.34375 0.0546875 0.15
6 0.353125 0.43359375 0.07421875 0.3828125
4 0.234375 0.51875 0.02109375 0.02421875
4 0.125 0.5546875 0.0296875 0.025
0 0.253125 0.378125 0.01171875 0.03359375
4 0.2140625 0.52109375 0.0125 0.02421875
4 0.3328125 0.58359375 0.0328125 0.025
3 0.2359375 0.22734375 0.01875 0.02890625
1 0.1140625 0.23515625 0.03046875 0.0375
4 0.353125 0.5984375 0.03046875 0.028125
3 0.35625 0.2578125 0.03046875 0.021875
5 0.35859375 0.375 0.05625 0.13671875
4 0.1046875 0.55390625 0.0109375 0.02109375
0 0.1765625 0.33671875 0.0265625 0.0484375
2 0.34375 0.39296875 0.01328125 0.03671875