6 0.59453125 0.45078125 0.06796875 0.3546875
6 0.4578125 0.409375 0.0375 0.35546875
2 0.5703125 0.4671875 0.00859375 0.02734375
2 0.615625 0.46171875 0.0125 0.03359375
2 0.45546875 0.428125 0.015625 0.03671875
3 0.465625 0.2390625 0.025 0.021875
3 0.58125 0.284375 0.0359375 0.03046875
4 0.45546875 0.571875 0.0265625 0.01796875
4 0.5828125 0.6125 0.02265625 0.03359375
4 0.603125 0.6171875 0.0140625 0.03125
4 0.4546875 0.55546875 0.02421875 0.01796875
5 0.59296875 0.38203125 0.05390625 0.13203125
5 0.45234375 0.35234375 0.02890625 0.11796875