6 0.42109375 0.4140625 0.06484375 0.35
2 0.56015625 0.51484375 0.0140625 0.02734375
3 0.440625 0.24765625 0.01796875 0.021875
6 0.584375 0.4890625 0.0625 0.42109375
4 0.571875 0.646875 0.025 0.021875
2 0.421875 0.36328125 0.015625 0.0328125
2 0.43203125 0.38125 0.01953125 0.03046875
5 0.428125 0.34140625 0.04765625 0.1015625
5 0.590625 0.42109375 0.046875 0.1578125
3 0.5796875 0.29453125 0.0375 0.03203125
4 0.58046875 0.68359375 0.03359375 0.0234375
4 0.4203125 0.57421875 0.02265625 0.0171875
4 0.4375 0.56171875 0.025 0.01953125