4 0.415625 0.86796875 0.02578125 0.04921875
5 0.43359375 0.49296875 0.11484375 0.25
4 0.65859375 0.86953125 0.025 0.04765625
4 0.584375 0.86171875 0.0265625 0.0421875
3 0.440625 0.3015625 0.0375 0.0484375
4 0.45625 0.8625 0.03203125 0.04765625
3 0.67421875 0.3953125 0.03671875 0.0671875
5 0.653125 0.525 0.10078125 0.2203125
6 0.434375 0.5859375 0.10546875 0.61796875
6 0.63359375 0.6234375 0.134375 0.546875
2 0.5953125 0.62890625 0.015625 0.059375
2 0.68125 0.64453125 0.01484375 0.06171875
2 0.384375 0.6328125 0.015625 0.06015625
2 0.48125 0.6203125 0.0203125 0.0484375