6 0.525 0.33515625 0.0453125 0.22734375
6 0.4546875 0.3078125 0.03515625 0.2109375
0 0.46640625 0.3125 0.009375 0.02734375
0 0.43828125 0.3171875 0.00625 0.021875
7 0.45 0.39765625 0.01484375 0.02734375
7 0.46328125 0.3953125 0.0125 0.02578125
4 0.5171875 0.4296875 0.01328125 0.021875
4 0.53203125 0.4328125 0.01640625 0.02734375
8 0.52265625 0.30390625 0.04375 0.0953125
5 0.45546875 0.27421875 0.03359375 0.06640625
1 0.45390625 0.21015625 0.021875 0.021875
1 0.525 0.23671875 0.02890625 0.03359375
0 0.51171875 0.3390625 0.015625 0.025
0 0.53671875 0.33828125 0.009375 0.02734375