5 0.3796875 0.45 0.071875 0.228125
6 0.3953125 0.54375 0.121875 0.6
6 0.54453125 0.4765625 0.0984375 0.47890625
8 0.54375 0.41796875 0.0671875 0.1921875
1 0.396875 0.27421875 0.0453125 0.0578125
1 0.5453125 0.271875 0.03125 0.040625
7 0.4046875 0.7890625 0.05 0.04453125
0 0.57109375 0.503125 0.0171875 0.0515625
0 0.4171875 0.584375 0.0203125 0.0609375
4 0.5515625 0.67265625 0.02578125 0.034375
4 0.525 0.6703125 0.021875 0.0359375
0 0.5140625 0.50546875 0.01640625 0.0375
7 0.3734375 0.775 0.0171875 0.053125