8 0.35 0.3625 0.0609375 0.1515625
6 0.22890625 0.42109375 0.07734375 0.371875
6 0.4421875 0.46015625 0.08203125 0.39375
6 0.34453125 0.41796875 0.0796875 0.384375
5 0.44921875 0.4015625 0.0578125 0.15625
1 0.353125 0.25 0.03125 0.04375
4 0.41484375 0.609375 0.03125 0.02578125
7 0.2453125 0.5796875 0.0328125 0.025
3 0.44609375 0.28046875 0.02421875 0.028125
2 0.4140625 0.46171875 0.01484375 0.028125
2 0.2078125 0.44921875 0.0140625 0.040625
7 0.2171875 0.58671875 0.015625 0.0328125
4 0.44921875 0.62890625 0.0171875 0.03046875
2 0.45625 0.48125 0.01328125 0.02578125
2 0.2546875 0.42890625 0.0109375 0.03671875
5 0.2265625 0.3625 0.0546875 0.14921875
7 0.3171875 0.57421875 0.02421875 0.028125
0 0.31484375 0.415625 0.0125 0.046875
7 0.34921875 0.5828125 0.0171875 0.028125
0 0.37578125 0.425 0.0125 0.046875
3 0.23125 0.24296875 0.03046875 0.028125