3 0.62421875 0.325 0.025 0.02734375
3 0.4578125 0.28515625 0.03046875 0.0375
4 0.57421875 0.70390625 0.02578125 0.0375
4 0.61328125 0.7171875 0.02578125 0.03125
2 0.715625 0.475 0.01953125 0.03125
2 0.515625 0.41640625 0.02265625 0.02421875
1 0.3234375 0.2828125 0.04296875 0.05625
7 0.2796875 0.69140625 0.0203125 0.03828125
7 0.31015625 0.68046875 0.0359375 0.03671875
8 0.30625 0.421875 0.07265625 0.196875
5 0.45 0.41484375 0.07421875 0.16171875
2 0.33984375 0.5109375 0.0140625 0.05234375
2 0.40703125 0.49140625 0.02578125 0.04765625
2 0.4796875 0.503125 0.02421875 0.040625
4 0.45078125 0.67578125 0.02109375 0.03359375
4 0.4140625 0.66796875 0.025 0.0296875
5 0.61875 0.446875 0.07265625 0.15546875
2 0.27734375 0.5234375 0.021875 0.0453125
6 0.6140625 0.53515625 0.0953125 0.46328125
6 0.44765625 0.48515625 0.09609375 0.4484375
6 0.31015625 0.484375 0.10625 0.48515625