3 0.61796875 0.33125 0.028125 0.0375
2 0.63203125 0.55625 0.0125 0.03046875
2 0.5734375 0.5390625 0.01328125 0.0359375
4 0.6078125 0.7171875 0.02421875 0.03515625
4 0.57265625 0.70625 0.025 0.034375
2 0.3328125 0.421875 0.01640625 0.02421875
1 0.31875 0.28203125 0.0453125 0.05703125
8 0.30234375 0.42109375 0.07421875 0.1921875
7 0.30703125 0.68203125 0.034375 0.03515625
7 0.28125 0.7 0.03515625 0.040625
5 0.61484375 0.4625 0.07109375 0.16484375
6 0.60390625 0.521875 0.0953125 0.4328125
6 0.30546875 0.4859375 0.08671875 0.47265625