6 0.43125 0.484375 0.0953125 0.428125
8 0.30546875 0.428125 0.0640625 0.20625
6 0.3125 0.4953125 0.090625 0.4765625
1 0.32265625 0.28046875 0.0421875 0.0453125
5 0.4375 0.41015625 0.0609375 0.16015625
6 0.6453125 0.64375 0.1171875 0.56015625
5 0.665625 0.55546875 0.0640625 0.21796875
4 0.39453125 0.62890625 0.0296875 0.025
3 0.428125 0.290625 0.025 0.0359375
0 0.35625 0.41875 0.021875 0.03125
3 0.65546875 0.37890625 0.040625 0.040625
4 0.61171875 0.8921875 0.0546875 0.040625
4 0.453125 0.66796875 0.01796875 0.03125
0 0.39375 0.44296875 0.01875 0.025
4 0.31171875 0.68046875 0.0203125 0.015625
4 0.3046875 0.70703125 0.0421875 0.0296875
4 0.61015625 0.85078125 0.028125 0.0328125