6 0.29921875 0.4859375 0.10234375 0.4640625
1 0.30546875 0.28125 0.04296875 0.0515625
0 0.2578125 0.509375 0.015625 0.06640625
0 0.3421875 0.44296875 0.015625 0.028125
7 0.303125 0.67734375 0.04140625 0.03203125
7 0.26640625 0.690625 0.0203125 0.046875
6 0.4703125 0.48828125 0.096875 0.434375
0 0.434375 0.4765625 0.0234375 0.0421875
0 0.50703125 0.51640625 0.01953125 0.05625
4 0.44140625 0.66796875 0.0359375 0.02109375
4 0.4671875 0.68515625 0.025 0.03203125
3 0.4796875 0.2875 0.02890625 0.025
8 0.29140625 0.428125 0.06953125 0.190625
5 0.4765625 0.42265625 0.06015625 0.171875