3 0.471875 0.30703125 0.0453125 0.05546875
3 0.6953125 0.4140625 0.04609375 0.05859375
2 0.43828125 0.6390625 0.02109375 0.05
4 0.43515625 0.86796875 0.046875 0.03203125
4 0.609375 0.98671875 0.05 0.0265625
4 0.64453125 0.990625 0.02265625 0.01875
4 0.4328125 0.83359375 0.02265625 0.02421875
2 0.64609375 0.77578125 0.02578125 0.046875
5 0.68515625 0.62734375 0.096875 0.290625
8 0.46875 0.51953125 0.08359375 0.2828125
6 0.65859375 0.68828125 0.15546875 0.621875
6 0.459375 0.58046875 0.10546875 0.6171875