3 0.42109375 0.25078125 0.0265625 0.0203125
3 0.5875 0.28359375 0.02578125 0.0203125
2 0.39765625 0.39765625 0.0140625 0.03671875
2 0.6046875 0.50546875 0.01640625 0.0296875
2 0.565625 0.4859375 0.01640625 0.0234375
2 0.40859375 0.41484375 0.0109375 0.028125
6 0.58515625 0.4875 0.05625 0.4203125
2 0.40390625 0.4125 0.06171875 0.35078125
4 0.59375 0.67421875 0.03203125 0.034375
4 0.57890625 0.65 0.02421875 0.025
4 0.41875 0.56875 0.02578125 0.02421875
4 0.38984375 0.56328125 0.02578125 0.01953125
5 0.3984375 0.35703125 0.040625 0.1015625
5 0.59765625 0.421875 0.05 0.1734375