5 0.3921875 0.44296875 0.0953125 0.215625
8 0.54140625 0.41484375 0.06484375 0.1875
6 0.3953125 0.52578125 0.1046875 0.5703125
6 0.5421875 0.4625 0.1015625 0.46171875
1 0.38984375 0.26875 0.0390625 0.04921875
1 0.5421875 0.27109375 0.0328125 0.0390625
4 0.5484375 0.6625 0.025 0.034375
4 0.525 0.6578125 0.01875 0.0359375
7 0.38046875 0.77578125 0.0234375 0.0453125
0 0.5703125 0.4953125 0.015625 0.053125
7 0.4125 0.7703125 0.021875 0.0390625
0 0.43671875 0.553125 0.01796875 0.05859375
0 0.51484375 0.5015625 0.0140625 0.04140625
0 0.3484375 0.55 0.0140625 0.05546875