5 0.36875 0.43359375 0.078125 0.1984375
6 0.36875 0.5 0.0953125 0.45625
6 0.47265625 0.459375 0.08203125 0.4
6 0.2546875 0.42265625 0.0828125 0.3546875
3 0.48671875 0.271875 0.025 0.0265625
2 0.4734375 0.3578125 0.021875 0.034375
7 0.38125 0.70625 0.02578125 0.03203125
4 0.246875 0.575 0.01796875 0.03671875
7 0.440625 0.62109375 0.0234375 0.034375
7 0.475 0.63046875 0.0171875 0.034375
7 0.346875 0.69375 0.01796875 0.034375
5 0.4734375 0.3875 0.0546875 0.146875
4 0.26328125 0.56640625 0.0203125 0.021875
3 0.37265625 0.28046875 0.03125 0.0453125
3 0.271875 0.246875 0.025 0.03125
5 0.26328125 0.3578125 0.05390625 0.1140625