0 0.44453125 0.4640625 0.0171875 0.0359375
0 0.3203125 0.51015625 0.021875 0.0625
3 0.47109375 0.27109375 0.03515625 0.0328125
1 0.29609375 0.2734375 0.03984375 0.0515625
8 0.2921875 0.4171875 0.0765625 0.2
7 0.26640625 0.6625 0.03046875 0.02578125
7 0.29375 0.678125 0.0203125 0.0375
5 0.4484375 0.384375 0.046875 0.146875
4 0.42890625 0.628125 0.03046875 0.02890625
4 0.4453125 0.61171875 0.0234375 0.01875
0 0.25390625 0.48671875 0.0203125 0.05625
6 0.4546875 0.4546875 0.0890625 0.409375
6 0.2890625 0.47421875 0.0984375 0.465625