6 0.365625 0.4640625 0.10234375 0.3984375
8 0.1375 0.34375 0.059375 0.14921875
6 0.2078125 0.37265625 0.05703125 0.34375
0 0.2203125 0.38984375 0.01484375 0.03828125
4 0.3265625 0.61328125 0.0296875 0.025
0 0.1640625 0.4078125 0.0171875 0.05390625
0 0.1046875 0.40390625 0.01484375 0.034375
4 0.365625 0.6375 0.01875 0.03125
5 0.37109375 0.39609375 0.06640625 0.16875
4 0.203125 0.52421875 0.02734375 0.021875
5 0.21328125 0.321875 0.0375 0.1234375
4 0.125 0.54375 0.01953125 0.02421875
3 0.20859375 0.21953125 0.028125 0.02109375
1 0.13203125 0.23828125 0.02734375 0.0375
3 0.36796875 0.28203125 0.03359375 0.03125
6 0.1328125 0.38984375 0.08046875 0.34453125
4 0.13984375 0.54296875 0.0109375 0.01171875