6 0.79453125 0.6625 0.1234375 0.528125
6 0.53515625 0.5390625 0.1 0.50234375
6 0.63671875 0.52890625 0.0921875 0.46640625
8 0.534375 0.4828125 0.07109375 0.21171875
5 0.64609375 0.45546875 0.06875 0.1671875
1 0.5625 0.32734375 0.03828125 0.05
3 0.825 0.42265625 0.03125 0.04375
5 0.8046875 0.57890625 0.0984375 0.203125
7 0.64453125 0.725 0.0296875 0.040625
7 0.61015625 0.72421875 0.0234375 0.0390625
4 0.74765625 0.86796875 0.03125 0.0375
3 0.65703125 0.31796875 0.0328125 0.034375
4 0.78125 0.89140625 0.02578125 0.05
2 0.8203125 0.7046875 0.01484375 0.03125
2 0.6046875 0.540625 0.0125 0.03046875
2 0.7515625 0.66953125 0.01484375 0.03125
7 0.52421875 0.75703125 0.040625 0.034375
2 0.5765625 0.56171875 0.0125 0.02109375
7 0.5390625 0.7421875 0.0265625 0.0328125
2 0.671875 0.55 0.01171875 0.034375