6 0.7234375 0.50234375 0.10859375 0.396875
4 0.7125 0.68046875 0.0234375 0.0296875
5 0.4734375 0.27734375 0.03046875 0.075
6 0.47421875 0.31015625 0.040625 0.2109375
3 0.7609375 0.3203125 0.025 0.02890625
4 0.68046875 0.68125 0.015625 0.0296875
5 0.7296875 0.4390625 0.071875 0.159375
4 0.4796875 0.40390625 0.01484375 0.0140625
2 0.68359375 0.5015625 0.0140625 0.034375
3 0.4796875 0.21640625 0.01640625 0.01640625
4 0.46875 0.40625 0.01015625 0.01328125
2 0.46015625 0.32265625 0.0078125 0.01953125
2 0.4890625 0.31953125 0.00859375 0.01875