8 0.6828125 0.67265625 0.0953125 0.23828125
6 0.66796875 0.72578125 0.1328125 0.54375
1 0.696875 0.5140625 0.04140625 0.071875
7 0.55 0.890625 0.0421875 0.02890625
3 0.64296875 0.47734375 0.0296875 0.04140625
7 0.509375 0.9078125 0.02265625 0.04453125
5 0.51953125 0.63125 0.0640625 0.2078125
4 0.5953125 0.875 0.02578125 0.03828125
0 0.634375 0.759375 0.01796875 0.0734375
6 0.53203125 0.68203125 0.10390625 0.50546875
2 0.58984375 0.70078125 0.0140625 0.0375
7 0.63203125 0.96171875 0.0359375 0.065625
2 0.69765625 0.684375 0.0234375 0.04140625
2 0.584375 0.56875 0.01640625 0.03515625
3 0.53359375 0.4734375 0.03671875 0.03203125