1 0.303125 0.27421875 0.04140625 0.05078125
2 0.25390625 0.5171875 0.01328125 0.0484375
2 0.32265625 0.5109375 0.01171875 0.03828125
7 0.29921875 0.67890625 0.0375 0.03984375
7 0.26171875 0.690625 0.02109375 0.0421875
8 0.29140625 0.421875 0.078125 0.19453125
2 0.3921875 0.49765625 0.01328125 0.04453125
2 0.4546875 0.4953125 0.00703125 0.03046875
5 0.42890625 0.409375 0.059375 0.15234375
4 0.42578125 0.6671875 0.02890625 0.03359375
4 0.40078125 0.6734375 0.015625 0.028125
4 0.5484375 0.7078125 0.02421875 0.0375
4 0.5765625 0.7140625 0.02265625 0.03515625
2 0.60625 0.55625 0.0125 0.0359375
2 0.5484375 0.55078125 0.01171875 0.02890625
5 0.5875 0.453125 0.06796875 0.1625
3 0.59296875 0.31953125 0.03046875 0.03359375
3 0.44140625 0.2765625 0.02734375 0.0375
6 0.425 0.471875 0.07734375 0.43828125
6 0.5765625 0.52265625 0.08671875 0.44765625
6 0.290625 0.4875 0.09140625 0.47578125