5 0.60625 0.53125 0.0984375 0.26015625
1 0.615625 0.31875 0.05234375 0.0625
6 0.5984375 0.6140625 0.12578125 0.70390625
8 0.4171875 0.53203125 0.0875 0.2765625
1 0.4265625 0.3125 0.059375 0.06875
6 0.4265625 0.60859375 0.13515625 0.69375
4 0.5671875 0.9125 0.028125 0.04765625
0 0.41484375 0.675 0.0328125 0.0734375
4 0.61015625 0.9140625 0.0328125 0.0546875
4 0.4296875 0.89140625 0.0390625 0.0640625
0 0.646875 0.67421875 0.0203125 0.0734375
0 0.5453125 0.65546875 0.01640625 0.06875
4 0.45 0.859375 0.04140625 0.04453125