6 0.45390625 0.5421875 0.19453125 0.58203125
5 0.434375 0.44921875 0.0953125 0.2234375
3 0.44140625 0.29140625 0.0328125 0.059375
4 0.421875 0.7796875 0.01484375 0.0265625
6 0.6609375 0.5640625 0.21015625 0.59375
5 0.640625 0.47890625 0.0953125 0.19375
4 0.6140625 0.83671875 0.02421875 0.04453125
2 0.56484375 0.30859375 0.02734375 0.06328125
3 0.6484375 0.32109375 0.0328125 0.034375
4 0.64765625 0.828125 0.02734375 0.0359375
2 0.3671875 0.42109375 0.01875 0.04140625
2 0.53203125 0.44765625 0.03046875 0.0421875
2 0.75390625 0.31171875 0.02421875 0.04375
4 0.45390625 0.78515625 0.0328125 0.02890625