6 0.2296875 0.37890625 0.06953125 0.321875
6 0.3484375 0.43671875 0.071875 0.37109375
5 0.2328125 0.3234375 0.05546875 0.11875
6 0.1234375 0.396875 0.06875 0.359375
8 0.1140625 0.34921875 0.04609375 0.15078125
4 0.11796875 0.56171875 0.0296875 0.021875
0 0.134375 0.4265625 0.0171875 0.05
4 0.215625 0.51796875 0.0171875 0.021875
4 0.35 0.596875 0.0265625 0.02890625
0 0.25546875 0.384375 0.01171875 0.03515625
4 0.2359375 0.5203125 0.01484375 0.021875
7 0.19765625 0.72421875 0.02421875 0.0546875
7 0.225 0.7171875 0.03125 0.0515625
5 0.3515625 0.3703125 0.0515625 0.13515625
1 0.1265625 0.23515625 0.0265625 0.034375
3 0.234375 0.22734375 0.02265625 0.0171875
2 0.20390625 0.3796875 0.01015625 0.03046875
3 0.35234375 0.2609375 0.025 0.015625
2 0.3328125 0.359375 0.01328125 0.025
4 0.3296875 0.5875 0.0265625 0.01953125