5 0.4609375 0.46875 0.0796875 0.21171875
6 0.5328125 0.546875 0.08359375 0.48671875
5 0.5390625 0.47734375 0.05859375 0.19921875
7 0.41953125 0.7578125 0.028125 0.0390625
3 0.4734375 0.3234375 0.0328125 0.0546875
2 0.52421875 0.5828125 0.01875 0.03203125
4 0.51015625 0.76171875 0.0453125 0.0328125
6 0.97421875 0.68515625 0.05 0.49765625
3 0.53203125 0.328125 0.0375 0.0359375
7 0.4640625 0.76171875 0.01640625 0.03203125
4 0.50546875 0.725 0.03125 0.02890625
7 0.97578125 0.89296875 0.02578125 0.06015625