8 0.54375 0.39375 0.06328125 0.165625
6 0.3828125 0.5125 0.10546875 0.52109375
4 0.546875 0.6234375 0.02421875 0.03046875
4 0.5265625 0.63515625 0.01796875 0.0296875
7 0.36875 0.740625 0.0296875 0.0484375
5 0.36875 0.42734375 0.0828125 0.20390625
1 0.540625 0.2640625 0.03203125 0.04296875
0 0.340625 0.55 0.01640625 0.05703125
1 0.38515625 0.284375 0.0421875 0.07109375
0 0.51640625 0.45078125 0.01796875 0.0453125
0 0.5734375 0.3625 0.01640625 0.0515625
0 0.409375 0.5171875 0.021875 0.0625
7 0.409375 0.7421875 0.03515625 0.07109375
6 0.5453125 0.43671875 0.09609375 0.44609375