2 0.42734375 0.4296875 0.01015625 0.03359375
2 0.48359375 0.4140625 0.009375 0.03203125
3 0.46484375 0.24609375 0.021875 0.028125
3 0.5921875 0.2796875 0.02734375 0.0296875
2 0.56875 0.4640625 0.01015625 0.03046875
2 0.6296875 0.471875 0.0125 0.025
4 0.60390625 0.6171875 0.01640625 0.025
4 0.58203125 0.61328125 0.02265625 0.021875
4 0.44921875 0.5703125 0.0203125 0.01875
4 0.475 0.56328125 0.01640625 0.0203125
5 0.4546875 0.35390625 0.04296875 0.11796875
5 0.60078125 0.38671875 0.0484375 0.121875
6 0.4546875 0.40625 0.06640625 0.3484375
6 0.6 0.446875 0.06875 0.36796875