3 0.44140625 0.240625 0.02734375 0.0265625
3 0.615625 0.28828125 0.03125 0.02578125
5 0.61640625 0.45 0.07109375 0.175
5 0.4375 0.3484375 0.046875 0.1265625
2 0.409375 0.42578125 0.01171875 0.03046875
2 0.46484375 0.41171875 0.01328125 0.0296875
2 0.57890625 0.5546875 0.01328125 0.0328125
2 0.646875 0.553125 0.0140625 0.03046875
4 0.59453125 0.73984375 0.02265625 0.0359375
4 0.6171875 0.72421875 0.021875 0.03515625
4 0.42421875 0.5734375 0.0140625 0.0234375
4 0.44765625 0.56640625 0.02421875 0.02265625
6 0.6140625 0.52421875 0.08671875 0.48828125
6 0.43828125 0.40625 0.06328125 0.365625