3 0.64921875 0.365625 0.040625 0.05703125
4 0.56953125 0.8640625 0.03984375 0.034375
4 0.55390625 0.57734375 0.0171875 0.01484375
5 0.5640625 0.4015625 0.04765625 0.14296875
4 0.53359375 0.56484375 0.0140625 0.0296875
3 0.57890625 0.3140625 0.01875 0.034375
2 0.528125 0.44375 0.01015625 0.021875
2 0.584375 0.47109375 0.009375 0.0140625
2 0.65625 0.678125 0.0203125 0.04765625
2 0.60546875 0.6328125 0.0125 0.03046875
4 0.63046875 0.86953125 0.02734375 0.04140625
5 0.65234375 0.525 0.0765625 0.2390625
6 0.61875 0.615625 0.14765625 0.56015625
6 0.55859375 0.4421875 0.084375 0.30703125