5 0.4265625 0.45703125 0.11640625 0.21875
3 0.63671875 0.328125 0.03203125 0.05703125
4 0.4140625 0.80546875 0.01875 0.04296875
6 0.63046875 0.5390625 0.17421875 0.60390625
4 0.45390625 0.79453125 0.01796875 0.03359375
5 0.64140625 0.47578125 0.09453125 0.20546875
4 0.60859375 0.821875 0.03515625 0.0375
3 0.425 0.28828125 0.034375 0.0453125
6 0.42421875 0.54921875 0.15625 0.56171875
2 0.50078125 0.371875 0.02421875 0.0546875
2 0.7046875 0.28046875 0.01875 0.0546875
2 0.56875 0.2875 0.040625 0.0953125
2 0.34921875 0.39453125 0.01640625 0.03984375
4 0.634375 0.81796875 0.0171875 0.04296875