4 0.4390625 0.8515625 0.03046875 0.04296875
4 0.4984375 0.84921875 0.04375 0.0265625
4 0.5828125 0.509375 0.01015625 0.0171875
3 0.515625 0.31796875 0.04140625 0.0546875
4 0.60078125 0.51640625 0.01171875 0.0203125
6 0.59609375 0.40625 0.11953125 0.24140625
3 0.60078125 0.2921875 0.01328125 0.01796875
2 0.59453125 0.56015625 0.0203125 0.04921875
2 0.6484375 0.35546875 0.0125 0.0203125
2 0.4734375 0.45078125 0.0203125 0.04375
6 0.51484375 0.58046875 0.18359375 0.5890625
8 0.4859375 0.50859375 0.10625 0.26328125
2 0.54296875 0.35390625 0.0125 0.01953125
5 0.59609375 0.36640625 0.0421875 0.096875