6 0.6 0.42421875 0.128125 0.35859375
5 0.584375 0.36640625 0.06640625 0.1375
8 0.48359375 0.303125 0.0390625 0.10859375
6 0.4828125 0.3375 0.05234375 0.265625
1 0.48359375 0.22421875 0.0203125 0.028125
3 0.5859375 0.2625 0.0203125 0.028125
4 0.5859375 0.58671875 0.0234375 0.0265625
4 0.5640625 0.58125 0.0171875 0.0328125
7 0.471875 0.45 0.0140625 0.01953125
7 0.48984375 0.45 0.0125 0.0171875
0 0.50078125 0.34921875 0.00703125 0.028125
0 0.46484375 0.34765625 0.00546875 0.02578125
0 0.67421875 0.309375 0.02578125 0.0359375
0 0.50703125 0.28984375 0.0203125 0.03046875