8 0.3484375 0.4515625 0.07421875 0.2234375
6 0.653125 0.590625 0.11796875 0.528125
6 0.3546875 0.51796875 0.0921875 0.48359375
6 0.2546875 0.4171875 0.07578125 0.35
5 0.6765625 0.48046875 0.0671875 0.1578125
3 0.6796875 0.34765625 0.0359375 0.04140625
7 0.6234375 0.8140625 0.0484375 0.03984375
2 0.60390625 0.465625 0.0203125 0.02890625
7 0.35 0.73671875 0.0421875 0.0296875
4 0.26796875 0.56875 0.0296875 0.0265625
7 0.6140625 0.78515625 0.015625 0.028125
3 0.3578125 0.28828125 0.03359375 0.03515625
3 0.26484375 0.24453125 0.021875 0.0265625
2 0.38984375 0.46640625 0.0140625 0.0328125
4 0.24375 0.5765625 0.01640625 0.0296875
2 0.64453125 0.50625 0.02109375 0.034375
2 0.24296875 0.44296875 0.0109375 0.015625
5 0.2578125 0.35 0.0578125 0.11171875