6 0.4578125 0.4578125 0.08125 0.38125
8 0.36328125 0.35859375 0.0640625 0.15390625
6 0.359375 0.421875 0.08125 0.39609375
5 0.465625 0.4078125 0.0546875 0.15859375
6 0.22109375 0.4234375 0.0765625 0.384375
1 0.36875 0.24765625 0.03125 0.04375
7 0.24453125 0.584375 0.034375 0.0265625
4 0.421875 0.60703125 0.03359375 0.025
7 0.334375 0.58828125 0.0203125 0.02734375
3 0.46875 0.2828125 0.0265625 0.028125
4 0.44609375 0.621875 0.02109375 0.03046875
7 0.36171875 0.59296875 0.01953125 0.028125
7 0.21484375 0.5953125 0.02109375 0.034375
2 0.46796875 0.48671875 0.0140625 0.021875
2 0.21015625 0.453125 0.0140625 0.04609375
5 0.221875 0.353125 0.0484375 0.14296875
3 0.228125 0.24921875 0.03046875 0.03515625
0 0.40625 0.2625 0.021875 0.0359375
0 0.33203125 0.25078125 0.0203125 0.04296875