6 0.67265625 0.553125 0.10078125 0.43359375
6 0.38203125 0.565625 0.1390625 0.615625
8 0.37265625 0.48671875 0.0953125 0.2546875
6 0.2171875 0.43671875 0.084375 0.3953125
1 0.3859375 0.28359375 0.04296875 0.0515625
5 0.6796875 0.47890625 0.07265625 0.1703125
7 0.40703125 0.8203125 0.0375 0.05
4 0.66640625 0.7328125 0.0359375 0.03359375
7 0.240625 0.5984375 0.03203125 0.0296875
0 0.325 0.58984375 0.021875 0.07109375
3 0.6953125 0.3515625 0.0296875 0.03046875
7 0.20625 0.61015625 0.01875 0.040625
7 0.3515625 0.83046875 0.02421875 0.0453125
4 0.6296875 0.70625 0.0171875 0.0671875
2 0.2453125 0.446875 0.0125 0.0390625
2 0.184375 0.46796875 0.01328125 0.04296875
2 0.44453125 0.51015625 0.01875 0.0375
5 0.21640625 0.375 0.07265625 0.1703125