6 0.278125 0.47421875 0.11484375 0.45859375
6 0.503125 0.4765625 0.09921875 0.409375
0 0.234375 0.4796875 0.02578125 0.0546875
0 0.325 0.50703125 0.0203125 0.06328125
0 0.5453125 0.33046875 0.01484375 0.046875
0 0.48046875 0.33125 0.0203125 0.05234375
8 0.284375 0.41796875 0.08203125 0.190625
7 0.259375 0.65859375 0.04140625 0.028125
7 0.2890625 0.68046875 0.01640625 0.04140625
3 0.51015625 0.28515625 0.0265625 0.0234375
5 0.4953125 0.41171875 0.053125 0.17265625
4 0.478125 0.66640625 0.01640625 0.02421875
4 0.4953125 0.659375 0.0171875 0.0171875
1 0.2890625 0.26796875 0.0375 0.04140625