8 0.36171875 0.434375 0.0734375 0.22578125
6 0.4671875 0.56953125 0.1 0.59375
6 0.365625 0.5125 0.10078125 0.496875
3 0.48828125 0.30625 0.0375 0.059375
5 0.46640625 0.44140625 0.05859375 0.196875
1 0.39296875 0.29375 0.0375 0.04375
2 0.4765625 0.62421875 0.0203125 0.0359375
7 0.446875 0.8328125 0.05625 0.046875
7 0.346875 0.7125 0.04140625 0.028125
6 0.95625 0.72265625 0.0859375 0.49375
5 0.96328125 0.67734375 0.0734375 0.2265625
7 0.3953125 0.7375 0.040625 0.03125
7 0.46171875 0.79453125 0.02578125 0.03828125
2 0.9609375 0.80625 0.0171875 0.03125
2 0.9234375 0.77734375 0.0140625 0.028125