5 0.5859375 0.365625 0.0671875 0.140625
6 0.5921875 0.425 0.1046875 0.3578125
1 0.4796875 0.22421875 0.0234375 0.0296875
8 0.48671875 0.303125 0.0359375 0.10859375
6 0.4828125 0.3375 0.0484375 0.265625
3 0.5859375 0.2625 0.02109375 0.02578125
7 0.47265625 0.4484375 0.02109375 0.0203125
4 0.5859375 0.58671875 0.0234375 0.028125
4 0.5640625 0.58125 0.0171875 0.034375
0 0.46796875 0.34296875 0.0109375 0.02734375
7 0.490625 0.45234375 0.0125 0.02265625
0 0.4984375 0.3515625 0.009375 0.03203125
0 0.6640625 0.30546875 0.01796875 0.02578125
0 0.503125 0.2953125 0.02421875 0.02734375