6 0.78046875 0.63984375 0.1421875 0.5
6 0.259375 0.42265625 0.07890625 0.34375
6 0.4390625 0.4921875 0.0953125 0.434375
5 0.434375 0.43125 0.06484375 0.19140625
5 0.2578125 0.365625 0.059375 0.1484375
3 0.44609375 0.296875 0.03046875 0.0359375
3 0.8203125 0.41015625 0.0359375 0.046875
7 0.44140625 0.68203125 0.0359375 0.0296875
2 0.46484375 0.51875 0.0125 0.0359375
7 0.4140625 0.66875 0.0234375 0.02734375
7 0.73125 0.85 0.04921875 0.046875
2 0.25078125 0.44140625 0.0140625 0.0265625
4 0.2453125 0.571875 0.015625 0.034375
7 0.8328125 0.86640625 0.0375 0.0796875
4 0.2671875 0.56640625 0.02265625 0.025
3 0.2734375 0.253125 0.02421875 0.02890625
5 0.8296875 0.57109375 0.059375 0.18046875
2 0.76171875 0.5640625 0.0140625 0.02890625