6 0.4421875 0.56953125 0.08671875 0.60390625
3 0.42890625 0.296875 0.0453125 0.0515625
6 0.6421875 0.59453125 0.09296875 0.565625
3 0.65 0.33515625 0.03203125 0.046875
4 0.6109375 0.85 0.0234375 0.04296875
2 0.68203125 0.640625 0.015625 0.04609375
2 0.58984375 0.63828125 0.015625 0.0546875
2 0.45859375 0.62265625 0.0203125 0.05
2 0.4078125 0.58671875 0.009375 0.04296875
5 0.64375 0.5109375 0.08046875 0.2046875
5 0.44296875 0.48125 0.06796875 0.21640625
4 0.64453125 0.8484375 0.028125 0.0484375
4 0.45625 0.83828125 0.03046875 0.05
4 0.42578125 0.82265625 0.04140625 0.0359375