8 0.38671875 0.48515625 0.0984375 0.2609375
6 0.3875 0.565625 0.1296875 0.628125
6 0.2296875 0.44296875 0.0765625 0.396875
6 0.75078125 0.609375 0.115625 0.4640625
1 0.39453125 0.278125 0.04453125 0.05
5 0.7609375 0.525 0.07265625 0.15234375
3 0.78828125 0.39765625 0.03203125 0.03671875
7 0.4015625 0.8375 0.03515625 0.05
4 0.78359375 0.81171875 0.040625 0.034375
4 0.709375 0.78203125 0.025 0.040625
7 0.23359375 0.61875 0.0359375 0.0296875
0 0.3328125 0.58671875 0.01953125 0.07578125
7 0.3515625 0.82890625 0.025 0.0484375
5 0.23203125 0.3828125 0.0578125 0.15703125
2 0.21015625 0.45859375 0.01875 0.05
7 0.20546875 0.6125 0.015625 0.03515625
3 0.2453125 0.25625 0.02265625 0.02734375
2 0.2515625 0.459375 0.01015625 0.0390625
0 0.434375 0.60390625 0.0234375 0.07578125