8 0.30703125 0.42734375 0.0734375 0.2046875
6 0.60625 0.53515625 0.09453125 0.43125
6 0.37890625 0.525 0.09453125 0.5171875
5 0.61484375 0.475 0.06875 0.190625
1 0.328125 0.29296875 0.0390625 0.05859375
3 0.61484375 0.33515625 0.02890625 0.03203125
5 0.390625 0.44765625 0.0578125 0.2078125
4 0.5734375 0.703125 0.025 0.0375
4 0.6078125 0.7140625 0.025 0.04140625
7 0.3078125 0.6828125 0.034375 0.040625
4 0.36484375 0.75546875 0.03984375 0.034375
2 0.5984375 0.546875 0.0140625 0.0265625
2 0.62890625 0.55625 0.0125 0.03046875
2 0.340625 0.5125 0.0171875 0.0328125
3 0.38125 0.29296875 0.034375 0.0421875
6 0.29453125 0.48828125 0.0703125 0.50546875
2 0.33046875 0.47578125 0.02109375 0.0328125
7 0.28203125 0.70078125 0.028125 0.05859375