4 0.4171875 0.903125 0.0671875 0.05546875
1 0.4140625 0.32265625 0.05859375 0.0671875
0 0.6265625 0.6546875 0.02421875 0.0671875
4 0.5984375 0.89296875 0.02734375 0.0453125
4 0.56484375 0.8625 0.04296875 0.0375
1 0.59453125 0.31015625 0.0546875 0.0640625
0 0.5453125 0.62578125 0.015625 0.06328125
4 0.4125 0.878125 0.0171875 0.021875
0 0.4171875 0.69296875 0.02421875 0.06875
6 0.5921875 0.596875 0.11015625 0.6859375
6 0.434375 0.6234375 0.13203125 0.68046875
8 0.4328125 0.55078125 0.0921875 0.29296875
5 0.5953125 0.5234375 0.08828125 0.26953125