3 0.5953125 0.3234375 0.0265625 0.03046875
3 0.45546875 0.28359375 0.025 0.04375
1 0.30234375 0.27109375 0.034375 0.04921875
5 0.5859375 0.459375 0.07109375 0.1625
5 0.4515625 0.40546875 0.05859375 0.14765625
8 0.30234375 0.4171875 0.078125 0.196875
2 0.653125 0.54296875 0.0234375 0.0421875
2 0.5171875 0.50546875 0.01640625 0.02734375
2 0.49296875 0.496875 0.0140625 0.03828125
2 0.40078125 0.4953125 0.01796875 0.0453125
2 0.3515625 0.50390625 0.0203125 0.0484375
2 0.24140625 0.5046875 0.02265625 0.0453125
4 0.5734375 0.71328125 0.02734375 0.0265625
4 0.546875 0.70078125 0.01875 0.0359375
4 0.4234375 0.67578125 0.02734375 0.03203125
7 0.30234375 0.67578125 0.01796875 0.04296875
7 0.27109375 0.68125 0.0203125 0.04296875
4 0.440625 0.66875 0.01171875 0.02265625
6 0.58671875 0.51640625 0.15390625 0.41640625
6 0.4453125 0.475 0.11015625 0.42578125
6 0.29453125 0.475 0.12890625 0.446875