5 0.678125 0.625 0.11953125 0.2953125
6 0.48828125 0.58046875 0.128125 0.6046875
6 0.6671875 0.6859375 0.1515625 0.6265625
8 0.48984375 0.5140625 0.10625 0.2640625
3 0.6953125 0.42265625 0.0390625 0.0734375
3 0.50546875 0.325 0.0390625 0.06875
4 0.48515625 0.8578125 0.02421875 0.0328125
4 0.4484375 0.8515625 0.0171875 0.0328125
4 0.60625 0.975 0.028125 0.046875
2 0.5296875 0.6390625 0.0171875 0.05390625
4 0.6375 0.98515625 0.0359375 0.028125
2 0.69921875 0.77890625 0.0171875 0.021875
2 0.615625 0.73515625 0.01171875 0.028125
2 0.4375 0.59921875 0.0109375 0.046875