1 0.46640625 0.2703125 0.0375 0.04921875
6 0.48515625 0.4640625 0.05234375 0.43671875
1 0.39921875 0.32578125 0.0484375 0.06328125
8 0.40625 0.5515625 0.1203125 0.29140625
4 0.40234375 0.89921875 0.025 0.053125
4 0.4375 0.90390625 0.046875 0.0453125
0 0.46328125 0.4390625 0.0125 0.0234375
5 0.4875 0.40390625 0.04609375 0.1640625
4 0.4921875 0.65703125 0.02890625 0.04140625
4 0.4796875 0.64140625 0.03046875 0.021875
6 0.41015625 0.61328125 0.128125 0.65390625
0 0.490625 0.503125 0.021875 0.04609375