6 0.41875 0.45546875 0.0890625 0.46171875
6 0.6328125 0.446875 0.084375 0.40390625
8 0.41640625 0.3921875 0.0671875 0.1828125
5 0.63984375 0.3875 0.0609375 0.14765625
1 0.64375 0.26875 0.0296875 0.03984375
1 0.41796875 0.25546875 0.0328125 0.05234375
4 0.61328125 0.60625 0.021875 0.03125
4 0.640625 0.609375 0.01796875 0.03046875
7 0.43046875 0.640625 0.025 0.0359375
7 0.3984375 0.646875 0.015625 0.0359375
0 0.38125 0.478125 0.0125 0.04765625
0 0.45078125 0.4640625 0.0140625 0.05
0 0.6109375 0.45 0.0125 0.03984375
0 0.665625 0.465625 0.01484375 0.04921875