6 0.7125 0.640625 0.1328125 0.51640625
8 0.34921875 0.44453125 0.06953125 0.2265625
5 0.72578125 0.5546875 0.096875 0.2
6 0.4453125 0.571875 0.11171875 0.60546875
6 0.35234375 0.521875 0.084375 0.5
3 0.46640625 0.30390625 0.0390625 0.05703125
5 0.44453125 0.43984375 0.0734375 0.1984375
4 0.71171875 0.86875 0.028125 0.04140625
3 0.74140625 0.40234375 0.0375 0.040625
2 0.4828125 0.628125 0.01875 0.04140625
3 0.3640625 0.296875 0.028125 0.0421875
4 0.6671875 0.803125 0.02578125 0.05234375
2 0.746875 0.653125 0.01953125 0.03359375
7 0.35 0.740625 0.0484375 0.0359375
2 0.6515625 0.61796875 0.0140625 0.034375
7 0.4046875 0.81875 0.03125 0.04140625
7 0.4453125 0.83125 0.0578125 0.05078125