1 0.609375 0.3421875 0.0578125 0.09609375
1 0.4234375 0.309375 0.05859375 0.0703125
0 0.425 0.67265625 0.03984375 0.08203125
0 0.60703125 0.5296875 0.0453125 0.046875
0 0.4546875 0.64375 0.01953125 0.04296875
0 0.58125 0.5265625 0.02421875 0.05546875
4 0.4296875 0.8921875 0.04765625 0.084375
4 0.4484375 0.8609375 0.05390625 0.053125
4 0.559375 0.89921875 0.04921875 0.065625
4 0.6125 0.91484375 0.02890625 0.08203125
8 0.4328125 0.51484375 0.08828125 0.26796875
5 0.60234375 0.5421875 0.0921875 0.284375
6 0.5984375 0.6203125 0.1359375 0.72890625
6 0.4328125 0.60703125 0.10703125 0.721875