6 0.5203125 0.53828125 0.1203125 0.4953125
6 0.6640625 0.54375 0.10234375 0.4703125
8 0.52578125 0.478125 0.084375 0.20859375
5 0.66796875 0.47578125 0.0765625 0.2
6 0.81171875 0.671875 0.121875 0.53984375
1 0.5375 0.32578125 0.03671875 0.05
3 0.84375 0.4265625 0.0375 0.04609375
7 0.53515625 0.74375 0.034375 0.04375
7 0.49453125 0.74140625 0.0296875 0.0375
7 0.65390625 0.740625 0.028125 0.04375
4 0.7671875 0.89375 0.040625 0.046875
3 0.68203125 0.32578125 0.0296875 0.03125
2 0.81875 0.7203125 0.0171875 0.025
2 0.70390625 0.571875 0.0203125 0.0390625
5 0.81640625 0.59375 0.0765625 0.2453125
2 0.571875 0.565625 0.0125 0.02265625
2 0.6265625 0.53125 0.0125 0.03828125
7 0.62890625 0.7203125 0.03671875 0.040625
2 0.4796875 0.57578125 0.0171875 0.03046875