8 0.6953125 0.63984375 0.08671875 0.221875
6 0.53671875 0.69296875 0.09140625 0.50234375
7 0.5484375 0.8875 0.0375 0.03515625
7 0.50859375 0.9078125 0.02578125 0.04375
5 0.540625 0.628125 0.0671875 0.1859375
6 0.69296875 0.7140625 0.0984375 0.53125
4 0.6296875 0.828125 0.0203125 0.0375
7 0.6359375 0.9046875 0.028125 0.046875
1 0.7015625 0.49375 0.03984375 0.06953125
3 0.6296875 0.47265625 0.02734375 0.04609375
3 0.55859375 0.47109375 0.034375 0.0453125
0 0.6375 0.703125 0.02265625 0.0671875
7 0.6796875 0.92265625 0.0234375 0.05625
2 0.7 0.65625 0.0265625 0.0375
6 0.62265625 0.65546875 0.05625 0.4171875