1 0.51015625 0.22109375 0.01640625 0.02109375
1 0.45390625 0.2015625 0.01171875 0.015625
6 0.45234375 0.27421875 0.02578125 0.159375
6 0.5078125 0.31171875 0.03515625 0.21171875
4 0.5015625 0.4109375 0.0109375 0.01484375
0 0.49296875 0.32734375 0.00546875 0.01953125
0 0.44296875 0.2796875 0.0046875 0.01796875
0 0.51953125 0.23515625 0.00703125 0.0171875
0 0.46328125 0.27890625 0.009375 0.025
4 0.51328125 0.4125 0.01484375 0.01640625
5 0.45078125 0.24921875 0.02265625 0.0625
8 0.50625 0.284375 0.03984375 0.08125
7 0.4484375 0.34296875 0.01328125 0.02109375
7 0.459375 0.340625 0.0140625 0.0171875