6 0.59140625 0.48046875 0.065625 0.3953125
5 0.58515625 0.3984375 0.0453125 0.1453125
2 0.6 0.4828125 0.01328125 0.025
4 0.45234375 0.56484375 0.01640625 0.02265625
4 0.421875 0.56796875 0.01171875 0.021875
6 0.43828125 0.40859375 0.059375 0.35234375
4 0.56796875 0.65859375 0.01328125 0.03046875
4 0.596875 0.65078125 0.0171875 0.0265625
3 0.4421875 0.246875 0.021875 0.02578125
2 0.44609375 0.32421875 0.0125 0.0203125
2 0.43671875 0.31953125 0.0078125 0.02890625
5 0.44375 0.3484375 0.05390625 0.12578125
3 0.60703125 0.29609375 0.02578125 0.03046875