6 0.41875 0.44921875 0.0875 0.46171875
6 0.6203125 0.446875 0.0796875 0.3984375
8 0.41953125 0.38671875 0.0640625 0.1796875
5 0.6234375 0.3890625 0.0625 0.153125
1 0.61796875 0.27265625 0.03125 0.04453125
1 0.409375 0.2515625 0.034375 0.053125
7 0.40703125 0.6265625 0.03125 0.03671875
4 0.6078125 0.6015625 0.0328125 0.025
4 0.640625 0.6125 0.01640625 0.0328125
7 0.434375 0.63828125 0.01796875 0.0375
0 0.4453125 0.46875 0.01328125 0.04609375
0 0.3859375 0.46171875 0.0125 0.04609375
0 0.65234375 0.46171875 0.0140625 0.03515625
0 0.596875 0.45 0.015625 0.03203125