8 0.39296875 0.4890625 0.096875 0.25703125
6 0.3953125 0.57890625 0.14453125 0.6375
6 0.2328125 0.4328125 0.06953125 0.384375
1 0.39921875 0.290625 0.0484375 0.06484375
7 0.40703125 0.86171875 0.0359375 0.0546875
5 0.4578125 0.39296875 0.0484375 0.1421875
7 0.3546875 0.821875 0.0265625 0.0515625
7 0.228125 0.609375 0.03203125 0.028125
3 0.453125 0.2796875 0.02421875 0.025
2 0.2453125 0.45390625 0.0140625 0.03046875
2 0.4578125 0.4640625 0.01484375 0.021875
0 0.334375 0.6015625 0.01875 0.07578125
3 0.23984375 0.253125 0.02421875 0.0265625
5 0.23046875 0.3703125 0.046875 0.153125
2 0.25390625 0.44140625 0.01015625 0.0203125