6 0.871875 0.64140625 0.1125 0.44765625
6 0.5921875 0.59375 0.1140625 0.528125
6 0.96328125 0.70390625 0.071875 0.503125
5 0.590625 0.50546875 0.0703125 0.2078125
5 0.8890625 0.58125 0.0640625 0.17265625
7 0.58671875 0.81796875 0.0453125 0.04609375
3 0.61328125 0.3609375 0.0359375 0.05625
3 0.88984375 0.4359375 0.0296875 0.0375
4 0.84765625 0.8390625 0.0296875 0.0328125
2 0.88046875 0.68671875 0.015625 0.03046875
2 0.9640625 0.6203125 0.0265625 0.04453125
1 0.984375 0.4875 0.0296875 0.06484375
5 0.990625 0.621875 0.01796875 0.159375
2 0.6375 0.50078125 0.021875 0.04140625