8 0.3546875 0.3640625 0.0640625 0.15390625
6 0.24609375 0.421875 0.0890625 0.3734375
6 0.44140625 0.465625 0.0765625 0.4
6 0.3515625 0.42109375 0.0859375 0.390625
1 0.35703125 0.24375 0.034375 0.03671875
7 0.325 0.578125 0.0234375 0.03203125
5 0.4484375 0.4125 0.053125 0.1703125
4 0.42734375 0.63984375 0.03125 0.0296875
7 0.24609375 0.58125 0.03203125 0.0265625
3 0.446875 0.284375 0.025 0.03046875
4 0.41328125 0.61484375 0.034375 0.025
2 0.2796875 0.40546875 0.01796875 0.03046875
7 0.21796875 0.584375 0.0140625 0.034375
2 0.44375 0.49296875 0.0140625 0.025
7 0.35625 0.5890625 0.015625 0.03046875
2 0.21484375 0.44375 0.0125 0.040625
5 0.2375 0.36328125 0.05703125 0.1453125
3 0.2421875 0.24921875 0.0234375 0.025