5 0.5796875 0.365625 0.053125 0.1265625
6 0.5890625 0.42421875 0.10234375 0.359375
8 0.48125 0.3015625 0.0375 0.10625
6 0.478125 0.3390625 0.04609375 0.265625
3 0.584375 0.2625 0.02265625 0.025
4 0.5796875 0.5890625 0.034375 0.025
1 0.4828125 0.22265625 0.01875 0.0265625
7 0.46875 0.4484375 0.01171875 0.01875
7 0.4890625 0.45 0.01328125 0.01875
0 0.496875 0.34765625 0.00546875 0.021875
0 0.4625 0.346875 0.00546875 0.025
0 0.6578125 0.309375 0.02734375 0.03515625
0 0.540625 0.28125 0.01875 0.02734375