5 0.58515625 0.3640625 0.065625 0.1375
6 0.5921875 0.4265625 0.1078125 0.3609375
1 0.47734375 0.22109375 0.02265625 0.0265625
3 0.5859375 0.2625 0.02265625 0.028125
6 0.48359375 0.35 0.05 0.2703125
8 0.4859375 0.3015625 0.034375 0.10859375
4 0.5640625 0.58515625 0.02421875 0.0265625
4 0.5828125 0.58359375 0.0140625 0.028125
7 0.4796875 0.4546875 0.0234375 0.01953125
0 0.5 0.2984375 0.02421875 0.03671875
7 0.46953125 0.44453125 0.01484375 0.01796875
0 0.64765625 0.3 0.01484375 0.02734375
0 0.4796875 0.35234375 0.009375 0.0203125