6 0.29453125 0.47890625 0.090625 0.46015625
1 0.30625 0.27109375 0.04375 0.040625
2 0.25703125 0.51328125 0.01484375 0.03984375
2 0.33125 0.5046875 0.01328125 0.040625
7 0.27421875 0.684375 0.0171875 0.04609375
7 0.30234375 0.6796875 0.0375 0.0359375
8 0.29375 0.425 0.07265625 0.19140625
6 0.44375 0.478125 0.08125 0.42890625
3 0.4625 0.278125 0.02578125 0.025
2 0.4765625 0.50546875 0.01171875 0.040625
2 0.4109375 0.48984375 0.0125 0.0421875
4 0.45 0.67265625 0.01953125 0.03125
4 0.4140625 0.66484375 0.02109375 0.03125
5 0.45 0.415625 0.05546875 0.1578125
6 0.5703125 0.5171875 0.08359375 0.421875
3 0.58671875 0.31796875 0.025 0.021875
2 0.5375 0.52890625 0.0140625 0.021875
2 0.60390625 0.53671875 0.0109375 0.025
4 0.540625 0.69765625 0.025 0.0296875
4 0.57109375 0.70546875 0.028125 0.03984375
5 0.5765625 0.45234375 0.065625 0.15546875