6 0.4640625 0.659375 0.08828125 0.49609375
6 0.715625 0.728125 0.1140625 0.51484375
8 0.72265625 0.65625 0.0859375 0.22578125
6 0.55390625 0.5984375 0.09609375 0.4109375
5 0.5578125 0.53671875 0.0734375 0.1609375
7 0.48046875 0.85546875 0.0359375 0.0390625
4 0.565625 0.76796875 0.02578125 0.04140625
5 0.4640625 0.603125 0.0671875 0.203125
1 0.7265625 0.515625 0.040625 0.075
2 0.56640625 0.61015625 0.02109375 0.03984375
4 0.53515625 0.76796875 0.01640625 0.03828125
2 0.715625 0.70390625 0.0234375 0.028125
7 0.66640625 0.9078125 0.0296875 0.0359375
2 0.5359375 0.6265625 0.01640625 0.034375
3 0.471875 0.45234375 0.03984375 0.04609375
7 0.7 0.94375 0.0296875 0.0375
0 0.68046875 0.70390625 0.01484375 0.07109375
3 0.5609375 0.4109375 0.02734375 0.02578125