6 0.4515625 0.2765625 0.03828125 0.1640625
6 0.509375 0.3171875 0.05859375 0.20546875
5 0.45390625 0.24453125 0.028125 0.0625
4 0.50078125 0.4078125 0.01328125 0.01640625
1 0.44921875 0.20390625 0.0125 0.01796875
1 0.5078125 0.2328125 0.0140625 0.01796875
0 0.4359375 0.2328125 0.0109375 0.01796875
0 0.46796875 0.228125 0.00859375 0.01953125
0 0.47734375 0.3171875 0.01015625 0.0265625
0 0.540625 0.31484375 0.015625 0.03046875
4 0.51171875 0.4078125 0.01171875 0.01953125
7 0.44609375 0.34375 0.0140625 0.01875
7 0.45546875 0.3453125 0.009375 0.0203125
8 0.50859375 0.2890625 0.03515625 0.090625