8 0.34921875 0.4515625 0.0796875 0.221875
6 0.75703125 0.61875 0.1421875 0.50625
6 0.35390625 0.51484375 0.0921875 0.48828125
6 0.2546875 0.41875 0.078125 0.346875
5 0.7875 0.52265625 0.0734375 0.15390625
3 0.7921875 0.390625 0.0390625 0.04140625
3 0.3546875 0.3 0.0328125 0.05546875
7 0.346875 0.7359375 0.04765625 0.03203125
2 0.75234375 0.5265625 0.025 0.046875
4 0.24375 0.571875 0.0140625 0.034375
4 0.2640625 0.5671875 0.02890625 0.025
7 0.69375 0.83125 0.05078125 0.04453125
5 0.2609375 0.359375 0.0578125 0.11953125
3 0.26953125 0.2484375 0.0265625 0.03046875
7 0.78359375 0.84609375 0.0484375 0.0453125