6 0.88125 0.67734375 0.11875 0.51171875
8 0.44375 0.45234375 0.07421875 0.22421875
6 0.4484375 0.534375 0.0953125 0.51875
3 0.54453125 0.32734375 0.03671875 0.0609375
1 0.471875 0.3078125 0.03984375 0.053125
7 0.478125 0.8640625 0.0390625 0.059375
2 0.4796875 0.6328125 0.01640625 0.04140625
5 0.5328125 0.4828125 0.09609375 0.21640625
2 0.875 0.71640625 0.0171875 0.025
7 0.51640625 0.85859375 0.03203125 0.04375
4 0.8984375 0.44609375 0.0328125 0.0390625
7 0.4421875 0.7578125 0.046875 0.03671875
4 0.8328125 0.871875 0.04140625 0.0375
2 0.8546875 0.6890625 0.01171875 0.034375
5 0.8984375 0.584375 0.06484375 0.13515625
2 0.58515625 0.3796875 0.01796875 0.0375
6 0.5390625 0.59375 0.12421875 0.6140625