6 0.5734375 0.52421875 0.0890625 0.40625
8 0.303125 0.425 0.07109375 0.1921875
6 0.4421875 0.48125 0.09375 0.4296875
5 0.44921875 0.4125 0.0671875 0.1515625
5 0.5796875 0.45546875 0.071875 0.153125
6 0.30234375 0.48359375 0.0890625 0.4625
1 0.31875 0.27734375 0.04296875 0.0484375
4 0.4140625 0.6640625 0.02265625 0.03203125
3 0.45859375 0.284375 0.0296875 0.0390625
7 0.3015625 0.68046875 0.03515625 0.034375
3 0.57890625 0.33984375 0.025 0.0359375
4 0.4515625 0.6734375 0.01875 0.03125
2 0.40390625 0.490625 0.0234375 0.04296875
4 0.5703125 0.703125 0.0328125 0.0390625
2 0.47734375 0.50625 0.02109375 0.04375
4 0.53671875 0.69921875 0.01875 0.0296875
2 0.60625 0.53828125 0.0125 0.025
7 0.27421875 0.6875 0.0203125 0.0390625
2 0.33125 0.50859375 0.01171875 0.040625
2 0.2703125 0.5171875 0.015625 0.046875
2 0.546875 0.54140625 0.009375 0.021875