6 0.3109375 0.48125 0.0890625 0.453125
1 0.3171875 0.28125 0.04296875 0.05
2 0.28203125 0.5140625 0.0234375 0.053125
2 0.34609375 0.503125 0.01875 0.0578125
7 0.31015625 0.68125 0.0375 0.03515625
7 0.2796875 0.6875 0.01875 0.034375
8 0.30390625 0.428125 0.0703125 0.1953125
6 0.44375 0.478125 0.09765625 0.4234375
3 0.459375 0.284375 0.02578125 0.02890625
2 0.4796875 0.50234375 0.02265625 0.04609375
2 0.4078125 0.4875 0.0265625 0.04375
4 0.45 0.67265625 0.01875 0.034375
4 0.415625 0.6640625 0.025 0.0296875
5 0.453125 0.4140625 0.0640625 0.1546875
6 0.61875 0.49453125 0.13515625 0.4890625
2 0.5671875 0.28046875 0.021875 0.0515625
3 0.6125 0.328125 0.028125 0.02578125
4 0.5984375 0.71171875 0.0234375 0.03984375
4 0.5671875 0.70078125 0.0296875 0.03203125
5 0.6078125 0.45703125 0.0703125 0.16796875