8 0.39609375 0.44375 0.07734375 0.209375
6 0.2625 0.42109375 0.0765625 0.346875
6 0.3984375 0.51171875 0.0953125 0.465625
6 0.584375 0.5 0.08671875 0.43125
5 0.59609375 0.39140625 0.0546875 0.0984375
3 0.59140625 0.3015625 0.03125 0.0328125
7 0.3921875 0.71640625 0.0359375 0.03046875
5 0.26171875 0.36484375 0.0625 0.146875
7 0.55390625 0.66640625 0.01796875 0.021875
7 0.365625 0.69921875 0.01875 0.028125
7 0.5578125 0.69140625 0.02890625 0.03515625
4 0.2453125 0.571875 0.015625 0.034375
2 0.56796875 0.43046875 0.0171875 0.02578125
3 0.39921875 0.28515625 0.03671875 0.040625
3 0.27265625 0.24765625 0.0234375 0.0265625
2 0.284375 0.2890625 0.01015625 0.0234375
4 0.2671875 0.56796875 0.0296875 0.02421875