6 0.46796875 0.65625 0.09375 0.51015625
5 0.46796875 0.5890625 0.0640625 0.20546875
5 0.55703125 0.5359375 0.06875 0.16875
7 0.4828125 0.8515625 0.0375 0.040625
6 0.55625 0.575 0.0890625 0.465625
4 0.56484375 0.76796875 0.025 0.04140625
4 0.534375 0.76953125 0.01875 0.0390625
6 0.703125 0.8328125 0.121875 0.33359375
2 0.58671875 0.61875 0.0171875 0.04140625
3 0.5640625 0.4125 0.025 0.03515625
3 0.4875 0.44375 0.03359375 0.0390625
7 0.45546875 0.87734375 0.0390625 0.05078125
1 0.66953125 0.80078125 0.04140625 0.0859375
8 0.71015625 0.78125 0.08046875 0.140625
7 0.66796875 0.90703125 0.03359375 0.053125