6 0.303125 0.48125 0.084375 0.459375
1 0.3234375 0.27734375 0.040625 0.0484375
2 0.3328125 0.51015625 0.01328125 0.04140625
2 0.26953125 0.5125 0.015625 0.046875
7 0.3046875 0.68125 0.0359375 0.04140625
7 0.278125 0.68828125 0.0171875 0.0421875
8 0.30703125 0.428125 0.06875 0.20390625
6 0.465625 0.49296875 0.1 0.43125
6 0.61328125 0.54921875 0.1046875 0.409375
2 0.46640625 0.521875 0.0171875 0.05078125
4 0.48984375 0.690625 0.0375 0.03046875
4 0.43359375 0.65546875 0.034375 0.02265625
3 0.4953125 0.29453125 0.0328125 0.0265625
5 0.46484375 0.425 0.0453125 0.16953125
3 0.6375 0.365625 0.0265625 0.040625
2 0.584375 0.53984375 0.015625 0.03046875
2 0.64453125 0.56875 0.0171875 0.0265625
4 0.575 0.703125 0.0265625 0.0375
4 0.6078125 0.71640625 0.02421875 0.0359375
5 0.6265625 0.4859375 0.07109375 0.19609375