6 0.6109375 0.5578125 0.1234375 0.47109375
5 0.63125 0.4890625 0.06875 0.18515625
6 0.1484375 0.44375 0.07109375 0.4390625
6 0.21875 0.375 0.06171875 0.353125
3 0.6453125 0.33828125 0.0328125 0.03984375
8 0.146875 0.39296875 0.059375 0.190625
7 0.1625 0.634375 0.03125 0.02890625
4 0.59296875 0.76640625 0.04375 0.03125
2 0.5640625 0.359375 0.02265625 0.04140625
7 0.20859375 0.5265625 0.01875 0.034375
7 0.134375 0.63984375 0.0234375 0.0375
2 0.153125 0.50234375 0.0109375 0.02265625
5 0.215625 0.31796875 0.0546875 0.1203125
2 0.60625 0.3765625 0.01171875 0.01796875
2 0.2390625 0.3734375 0.0078125 0.02109375
2 0.19609375 0.38359375 0.01328125 0.028125
7 0.2265625 0.5171875 0.0234375 0.03046875
1 0.165625 0.2484375 0.03828125 0.04453125
3 0.221875 0.21171875 0.02265625 0.02109375