8 0.45234375 0.4328125 0.07578125 0.196875
6 0.4484375 0.49765625 0.1046875 0.4640625
6 0.25390625 0.43671875 0.07109375 0.390625
1 0.46171875 0.28125 0.0328125 0.0421875
3 0.51640625 0.309375 0.025 0.02890625
5 0.51875 0.40703125 0.0609375 0.13125
7 0.41484375 0.7015625 0.02578125 0.05
7 0.44921875 0.69296875 0.0296875 0.034375
7 0.2484375 0.6125 0.03671875 0.028125
4 0.48828125 0.63125 0.01875 0.028125
2 0.2546875 0.459375 0.0140625 0.0375
2 0.53671875 0.46953125 0.0125 0.025
4 0.5109375 0.60703125 0.01328125 0.0421875
5 0.24765625 0.36796875 0.046875 0.14765625
3 0.2578125 0.24921875 0.0296875 0.02578125
0 0.40546875 0.5171875 0.0171875 0.06484375
0 0.4890625 0.525 0.0171875 0.04375
6 0.52109375 0.4671875 0.07578125 0.37421875