6 0.309375 0.4828125 0.09765625 0.484375
6 0.603125 0.525 0.08515625 0.41328125
6 0.646875 0.6296875 0.1078125 0.5796875
1 0.309375 0.27734375 0.0453125 0.0515625
2 0.34453125 0.375 0.0171875 0.028125
0 0.3390625 0.3984375 0.0125 0.02265625
8 0.30234375 0.425 0.0734375 0.2015625
7 0.28125 0.696875 0.03125 0.0421875
7 0.30625 0.6828125 0.0390625 0.04140625
3 0.625 0.33203125 0.0296875 0.02109375
2 0.57265625 0.534375 0.0140625 0.025
4 0.575 0.703125 0.0265625 0.0390625
5 0.60859375 0.4671875 0.0640625 0.16484375
3 0.6640625 0.3609375 0.04375 0.03203125
2 0.6203125 0.5703125 0.0109375 0.021875
4 0.60625 0.85390625 0.02109375 0.03359375
4 0.6265625 0.875 0.040625 0.05078125