6 0.26875 0.478125 0.09296875 0.4625
6 0.57734375 0.528125 0.11875 0.44140625
5 0.5796875 0.45859375 0.06796875 0.1625
6 0.4375 0.48125 0.078125 0.45234375
8 0.278125 0.421875 0.0625 0.19375
1 0.2859375 0.26953125 0.04453125 0.046875
3 0.4546875 0.2765625 0.034375 0.03671875
5 0.434375 0.41875 0.04765625 0.1828125
3 0.596875 0.321875 0.03125 0.03125
4 0.57734375 0.7078125 0.0328125 0.0359375
4 0.42578125 0.684375 0.0359375 0.028125
2 0.51875 0.51875 0.0171875 0.04921875
2 0.23125 0.51953125 0.01953125 0.046875
7 0.28671875 0.671875 0.0359375 0.03359375
4 0.5515625 0.7140625 0.021875 0.04140625
2 0.628125 0.50546875 0.01484375 0.03984375
2 0.421875 0.521875 0.01171875 0.04609375
7 0.26015625 0.684375 0.03046875 0.046875