8 0.578125 0.4890625 0.0875 0.23359375
6 0.5828125 0.56171875 0.1625 0.64375
1 0.5796875 0.29921875 0.0453125 0.05625
6 0.25390625 0.50234375 0.06953125 0.309375
4 0.54609375 0.8140625 0.0265625 0.04296875
4 0.58515625 0.81875 0.028125 0.0453125
5 0.253125 0.41171875 0.04609375 0.078125
0 0.5453125 0.59375 0.0265625 0.05390625
0 0.6046875 0.6046875 0.025 0.0625
0 0.2359375 0.56171875 0.01640625 0.0546875
0 0.275 0.46484375 0.0203125 0.03828125
7 0.25859375 0.625 0.0265625 0.0484375
7 0.240625 0.6140625 0.0203125 0.04296875