6 0.5828125 0.440625 0.0703125 0.396875
5 0.58515625 0.36953125 0.0578125 0.14375
1 0.49453125 0.215625 0.0203125 0.0234375
8 0.490625 0.2890625 0.02734375 0.09453125
3 0.58515625 0.2578125 0.02109375 0.0234375
4 0.56796875 0.5890625 0.0296875 0.025
6 0.48984375 0.31875 0.0375 0.246875
0 0.5390625 0.40546875 0.01484375 0.0328125
0 0.59453125 0.41171875 0.0140625 0.040625
4 0.5875 0.5984375 0.0171875 0.03046875
7 0.48984375 0.42578125 0.0234375 0.021875
0 0.48671875 0.3328125 0.00859375 0.02421875