6 0.73046875 0.76015625 0.1234375 0.478125
8 0.7359375 0.72890625 0.09375 0.2515625
6 0.52734375 0.6953125 0.10390625 0.509375
5 0.5171875 0.63046875 0.06796875 0.18984375
7 0.54453125 0.92109375 0.034375 0.0375
7 0.5046875 0.87265625 0.028125 0.04296875
5 0.5984375 0.5609375 0.07109375 0.1578125
0 0.684375 0.834375 0.02265625 0.071875
7 0.69140625 0.98125 0.025 0.0359375
1 0.76640625 0.5765625 0.0546875 0.09140625
3 0.60703125 0.43046875 0.02734375 0.03828125
3 0.53671875 0.47265625 0.03046875 0.0375
6 0.6171875 0.6140625 0.07578125 0.3890625
2 0.64140625 0.64140625 0.0125 0.02890625