6 0.759375 0.625 0.13359375 0.5171875
5 0.4609375 0.46875 0.08125 0.21484375
7 0.696875 0.82421875 0.05 0.04375
5 0.534375 0.46875 0.06171875 0.196875
6 0.53125 0.5453125 0.0859375 0.49296875
1 0.79921875 0.39609375 0.04375 0.059375
7 0.79140625 0.85234375 0.04453125 0.05
3 0.46953125 0.3234375 0.0328125 0.05625
7 0.42109375 0.7578125 0.02578125 0.03984375
2 0.53671875 0.57421875 0.01875 0.03515625
3 0.5265625 0.3265625 0.0375 0.0375
5 0.78828125 0.54609375 0.0578125 0.184375
7 0.4640625 0.7625 0.0171875 0.03125
4 0.509375 0.76171875 0.04375 0.034375
0 0.73125 0.49140625 0.03125 0.0421875
0 0.75390625 0.503125 0.02265625 0.03828125
4 0.50390625 0.72578125 0.03125 0.0296875