6 0.33203125 0.4890625 0.12265625 0.46875
8 0.309375 0.43125 0.06171875 0.1953125
1 0.31953125 0.28046875 0.0421875 0.046875
6 0.64921875 0.64375 0.11875 0.5703125
6 0.2015625 0.36875 0.0640625 0.33984375
3 0.6671875 0.37578125 0.0421875 0.0453125
5 0.66796875 0.55 0.065625 0.221875
4 0.6125 0.8921875 0.0546875 0.0421875
4 0.2046875 0.51171875 0.0203125 0.02578125
2 0.628125 0.5375 0.01640625 0.04609375
4 0.303125 0.6984375 0.03203125 0.03203125
4 0.61171875 0.85 0.0296875 0.0328125
0 0.37109375 0.459375 0.04140625 0.0453125
0 0.21015625 0.35703125 0.015625 0.03671875
3 0.209375 0.21796875 0.02265625 0.01796875
4 0.1796875 0.51953125 0.0125 0.0234375
2 0.18671875 0.35546875 0.01640625 0.028125
5 0.2015625 0.32109375 0.04765625 0.1203125