3 0.6109375 0.2796875 0.02109375 0.02265625
2 0.64140625 0.52109375 0.009375 0.02421875
2 0.5796875 0.521875 0.0125 0.04140625
4 0.6140625 0.6828125 0.0203125 0.0296875
4 0.59453125 0.68203125 0.015625 0.02890625
5 0.61171875 0.43359375 0.05 0.17109375
2 0.4828125 0.42265625 0.01015625 0.034375
2 0.428125 0.41953125 0.01015625 0.0328125
3 0.45703125 0.23359375 0.021875 0.028125
5 0.45546875 0.353125 0.0484375 0.1203125
4 0.46640625 0.56484375 0.0140625 0.0203125
4 0.4421875 0.56484375 0.01875 0.01875
6 0.61328125 0.49140625 0.07421875 0.43984375
6 0.45546875 0.396875 0.065625 0.38046875