5 0.44921875 0.4125 0.06328125 0.1515625
5 0.5546875 0.47578125 0.0671875 0.15
8 0.2984375 0.4234375 0.075 0.1921875
6 0.3078125 0.4828125 0.1078125 0.4609375
6 0.5484375 0.53984375 0.096875 0.39140625
6 0.4421875 0.478125 0.0953125 0.4296875
1 0.3109375 0.278125 0.0421875 0.0515625
4 0.4140625 0.6640625 0.02265625 0.03125
2 0.40546875 0.48671875 0.0234375 0.04375
7 0.3015625 0.68125 0.03359375 0.0328125
4 0.56875 0.7078125 0.0203125 0.03828125
4 0.45 0.671875 0.01953125 0.034375
2 0.48125 0.5015625 0.01875 0.04609375
3 0.45859375 0.28125 0.0265625 0.03125
4 0.50546875 0.7125 0.03125 0.03203125
2 0.353125 0.49765625 0.01953125 0.04375
3 0.53828125 0.3609375 0.0296875 0.034375
2 0.2734375 0.515625 0.0203125 0.04609375
7 0.27265625 0.690625 0.01875 0.0390625
2 0.58125 0.55546875 0.0125 0.0265625
2 0.521875 0.54609375 0.01015625 0.0234375