8 0.71953125 0.646875 0.0765625 0.225
1 0.7109375 0.4875 0.04296875 0.0578125
6 0.709375 0.7125 0.10390625 0.525
5 0.63125 0.571875 0.0734375 0.1625
6 0.540625 0.67890625 0.1046875 0.4875
5 0.53828125 0.61640625 0.0671875 0.19453125
3 0.64765625 0.45625 0.025 0.03671875
4 0.62890625 0.8265625 0.025 0.046875
4 0.58828125 0.80859375 0.0234375 0.0375
2 0.6984375 0.66328125 0.021875 0.0296875
3 0.56484375 0.46953125 0.03359375 0.034375
6 0.6296875 0.64765625 0.06171875 0.42734375
7 0.6546875 0.88359375 0.040625 0.03671875
7 0.6890625 0.92265625 0.02890625 0.0484375
7 0.5046875 0.88359375 0.02421875 0.04296875
7 0.5484375 0.8875 0.0359375 0.03671875
0 0.63125 0.64453125 0.03828125 0.0484375