6 0.721875 0.5078125 0.1109375 0.38125
5 0.4765625 0.27578125 0.03125 0.08125
4 0.7125 0.67890625 0.0234375 0.03203125
4 0.6765625 0.6765625 0.0140625 0.0359375
6 0.47578125 0.3125 0.0421875 0.21484375
5 0.7265625 0.4375 0.053125 0.153125
4 0.4671875 0.4046875 0.0140625 0.0125
3 0.76875 0.3390625 0.028125 0.03359375
2 0.75703125 0.53125 0.01875 0.03515625
4 0.478125 0.40703125 0.00859375 0.01171875
3 0.47265625 0.21484375 0.0171875 0.0109375
2 0.46171875 0.3203125 0.00546875 0.0140625
2 0.49140625 0.31796875 0.00625 0.01953125