3 0.59453125 0.28828125 0.0234375 0.025
3 0.50703125 0.3328125 0.0203125 0.0375
2 0.62578125 0.4703125 0.0140625 0.03046875
2 0.5875 0.4703125 0.00703125 0.021875
2 0.440625 0.44609375 0.0109375 0.0328125
5 0.609375 0.39140625 0.0421875 0.1296875
5 0.45 0.36328125 0.06171875 0.07265625
4 0.61640625 0.6265625 0.0140625 0.028125
4 0.5875 0.6140625 0.03125 0.0171875
4 0.453125 0.571875 0.0296875 0.01796875
4 0.45859375 0.55546875 0.01796875 0.01328125
6 0.60625 0.4578125 0.0703125 0.37734375
6 0.4671875 0.45 0.1 0.2703125