6 0.5328125 0.39375 0.0828125 0.34375
8 0.5328125 0.3390625 0.05390625 0.1328125
1 0.42578125 0.2203125 0.0265625 0.0296875
5 0.42890625 0.31015625 0.0359375 0.11484375
1 0.534375 0.2453125 0.0296875 0.034375
0 0.5953125 0.26171875 0.02265625 0.0296875
6 0.428125 0.35625 0.04921875 0.31015625
4 0.53515625 0.540625 0.02109375 0.028125
4 0.5171875 0.53671875 0.01484375 0.028125
0 0.40546875 0.36640625 0.0140625 0.034375
0 0.475 0.26796875 0.021875 0.02578125
0 0.4453125 0.365625 0.00859375 0.0265625
7 0.4171875 0.490625 0.0265625 0.02109375
7 0.43515625 0.4875 0.0109375 0.0171875