6 0.43671875 0.61015625 0.128125 0.671875
8 0.4375 0.546875 0.1 0.28203125
1 0.5984375 0.3078125 0.05625 0.0625
5 0.6078125 0.5125 0.0671875 0.2421875
1 0.41875 0.31953125 0.05078125 0.065625
6 0.6 0.60625 0.1 0.6796875
0 0.60234375 0.65390625 0.03046875 0.065625
4 0.59765625 0.89140625 0.0421875 0.0421875
4 0.578125 0.85390625 0.040625 0.028125
4 0.41484375 0.90390625 0.06171875 0.053125
0 0.39375 0.68125 0.01875 0.06796875
0 0.48046875 0.6578125 0.01875 0.06640625
4 0.446875 0.890625 0.02265625 0.03046875