2 0.40703125 0.44609375 0.0109375 0.02890625
6 0.4390625 0.43125 0.06953125 0.37578125
5 0.63203125 0.459375 0.0890625 0.18515625
4 0.42578125 0.6078125 0.0171875 0.02421875
4 0.603125 0.7515625 0.025 0.028125
3 0.6296875 0.31484375 0.02734375 0.04375
4 0.6359375 0.76640625 0.01875 0.02890625
2 0.5859375 0.565625 0.01015625 0.05234375
2 0.6578125 0.55390625 0.02265625 0.040625
4 0.44921875 0.5734375 0.01796875 0.0390625
3 0.43515625 0.25625 0.02890625 0.0359375
2 0.46484375 0.43359375 0.01328125 0.040625
6 0.62578125 0.5359375 0.09609375 0.490625
5 0.43828125 0.37109375 0.0578125 0.1390625