6 0.3109375 0.48359375 0.10546875 0.4578125
1 0.315625 0.28359375 0.04375 0.053125
2 0.35078125 0.50078125 0.02265625 0.0375
2 0.2796875 0.503125 0.0171875 0.0515625
7 0.30078125 0.68125 0.0359375 0.0359375
7 0.27265625 0.690625 0.01875 0.03828125
8 0.29609375 0.4265625 0.071875 0.1765625
6 0.44140625 0.47890625 0.0890625 0.42421875
3 0.4578125 0.284375 0.025 0.03359375
2 0.4078125 0.49375 0.0203125 0.0484375
2 0.4765625 0.5046875 0.01640625 0.04375
4 0.41484375 0.665625 0.025 0.0296875
4 0.45078125 0.67109375 0.0203125 0.03671875
6 0.5359375 0.54375 0.0953125 0.3796875
3 0.52109375 0.3734375 0.028125 0.0390625
2 0.57109375 0.55234375 0.0140625 0.02890625
2 0.5140625 0.54609375 0.0125 0.028125
4 0.57109375 0.70625 0.01875 0.0375
4 0.50625 0.71484375 0.034375 0.0296875
5 0.45 0.41484375 0.0578125 0.1546875
5 0.54296875 0.48828125 0.065625 0.134375