3 0.609375 0.328125 0.0328125 0.028125
3 0.45859375 0.284375 0.03515625 0.03828125
1 0.30390625 0.271875 0.040625 0.04375
5 0.58359375 0.4609375 0.04921875 0.17109375
5 0.4421875 0.39921875 0.0765625 0.146875
8 0.28671875 0.415625 0.0625 0.20078125
2 0.596875 0.56328125 0.0125 0.05078125
2 0.48671875 0.515625 0.01875 0.04609375
2 0.39765625 0.484375 0.01875 0.03984375
2 0.31171875 0.5296875 0.01171875 0.05390625
4 0.56640625 0.715625 0.0390625 0.03515625
4 0.575 0.7015625 0.025 0.025
4 0.43828125 0.6796875 0.028125 0.02265625
4 0.41328125 0.67578125 0.01484375 0.028125
7 0.29765625 0.69453125 0.0375 0.02890625
7 0.27109375 0.6734375 0.0265625 0.03125
6 0.58671875 0.52421875 0.07734375 0.41953125
6 0.4421875 0.48046875 0.10859375 0.425
6 0.290625 0.47890625 0.065625 0.4640625