3 0.4765625 0.240625 0.0234375 0.021875
3 0.615625 0.2765625 0.0296875 0.0234375
2 0.503125 0.4390625 0.0109375 0.028125
2 0.44453125 0.425 0.009375 0.02578125
2 0.60234375 0.38984375 0.01171875 0.0234375
4 0.48125 0.57109375 0.01640625 0.0265625
4 0.45625 0.58203125 0.01953125 0.02578125
4 0.63046875 0.671875 0.02265625 0.02734375
4 0.60859375 0.65 0.03359375 0.01796875
5 0.475 0.359375 0.05390625 0.1359375
6 0.4734375 0.41171875 0.07265625 0.375
5 0.62265625 0.41875 0.03203125 0.14453125
6 0.61953125 0.478125 0.0578125 0.4203125