6 0.525 0.484375 0.0921875 0.50390625
5 0.5203125 0.4140625 0.08125 0.1859375
6 0.421875 0.6015625 0.1171875 0.6453125
8 0.4203125 0.55625 0.09765625 0.29375
1 0.42734375 0.32890625 0.04921875 0.06875
1 0.521875 0.2703125 0.03359375 0.04609375
0 0.5546875 0.50625 0.0171875 0.053125
4 0.4375 0.9 0.0421875 0.0515625
4 0.4015625 0.89921875 0.02265625 0.053125
0 0.48671875 0.50625 0.0140625 0.04609375
4 0.50078125 0.68125 0.0171875 0.0359375
5 0.5375 0.69296875 0.02109375 0.04140625
0 0.4640625 0.69375 0.01796875 0.065625