8 0.55078125 0.44375 0.071875 0.2140625
6 0.54765625 0.49140625 0.0859375 0.503125
6 0.3125 0.46875 0.1 0.45234375
1 0.30625 0.275 0.034375 0.05546875
1 0.55625 0.28359375 0.0375 0.05625
5 0.3 0.39921875 0.06875 0.1640625
7 0.346875 0.66875 0.0265625 0.03515625
4 0.5625 0.715625 0.025 0.046875
4 0.534375 0.71015625 0.02890625 0.03359375
7 0.28984375 0.6453125 0.0171875 0.03671875
0 0.27578125 0.496875 0.0171875 0.053125
0 0.5796875 0.5375 0.0171875 0.05859375
0 0.33046875 0.47890625 0.0140625 0.053125
0 0.51953125 0.53515625 0.0140625 0.05234375