4 0.51640625 0.78515625 0.02109375 0.0390625
4 0.54609375 0.7765625 0.03828125 0.03359375
2 0.51171875 0.56796875 0.021875 0.0515625
2 0.61484375 0.52578125 0.01640625 0.03125
5 0.5484375 0.48125 0.05625 0.20390625
3 0.57421875 0.340625 0.03828125 0.03984375
6 0.5625 0.56328125 0.128125 0.49375
4 0.68125 0.471875 0.0125 0.01484375
2 0.67734375 0.3375 0.00859375 0.01328125
3 0.6859375 0.3046875 0.01328125 0.01328125
5 0.6828125 0.3609375 0.03359375 0.071875
6 0.67578125 0.38828125 0.04765625 0.1859375