6 0.30234375 0.4921875 0.0875 0.47734375
6 0.60234375 0.53046875 0.1 0.43671875
6 0.83359375 0.7140625 0.1421875 0.571875
1 0.3140625 0.284375 0.04296875 0.05625
0 0.3328125 0.38203125 0.02421875 0.0296875
2 0.33984375 0.4140625 0.01328125 0.02109375
8 0.3015625 0.42734375 0.0734375 0.1875
7 0.28046875 0.6984375 0.03359375 0.040625
7 0.30625 0.68203125 0.0359375 0.040625
3 0.6203125 0.33125 0.02890625 0.028125
2 0.62421875 0.5484375 0.015625 0.03125
2 0.56484375 0.5359375 0.01640625 0.0296875
5 0.61015625 0.4796875 0.07734375 0.1828125
4 0.60703125 0.71015625 0.02578125 0.05
4 0.5734375 0.703125 0.0265625 0.04140625
3 0.8734375 0.453125 0.04765625 0.0453125
2 0.80703125 0.71796875 0.0171875 0.03671875
5 0.86640625 0.6640625 0.07265625 0.2546875