6 0.47578125 0.49375 0.0890625 0.43515625
6 0.32265625 0.40390625 0.08671875 0.36875
8 0.32109375 0.346875 0.0640625 0.14609375
6 0.246875 0.42890625 0.0703125 0.3703125
5 0.478125 0.428125 0.0578125 0.17578125
1 0.3265625 0.23671875 0.02890625 0.0328125
7 0.290625 0.55 0.025 0.03125
4 0.45078125 0.68359375 0.0390625 0.028125
7 0.25546875 0.5953125 0.0234375 0.025
7 0.321875 0.55625 0.01875 0.03359375
7 0.23046875 0.578125 0.028125 0.0234375
2 0.2703125 0.4453125 0.01484375 0.03515625
5 0.24453125 0.36171875 0.0453125 0.14765625
2 0.45859375 0.51171875 0.0109375 0.02265625
0 0.3578125 0.40078125 0.01640625 0.0453125
4 0.48046875 0.68125 0.0234375 0.034375
3 0.48125 0.29375 0.0328125 0.034375