8 0.353125 0.3640625 0.0640625 0.15546875
6 0.2421875 0.42578125 0.0703125 0.378125
5 0.45625 0.403125 0.0609375 0.15859375
6 0.3484375 0.41953125 0.0953125 0.3875
6 0.4515625 0.45546875 0.07734375 0.384375
1 0.3609375 0.24765625 0.02890625 0.04375
4 0.4234375 0.6078125 0.03203125 0.02578125
3 0.459375 0.278125 0.02578125 0.0265625
7 0.24609375 0.584375 0.0328125 0.028125
2 0.22734375 0.44921875 0.0171875 0.046875
2 0.4640625 0.48125 0.0140625 0.028125
2 0.2671875 0.4359375 0.015625 0.03125
4 0.446875 0.62109375 0.0203125 0.03125
4 0.3296875 0.5828125 0.0203125 0.02578125
3 0.24296875 0.24921875 0.025 0.02734375
0 0.30625 0.39921875 0.0140625 0.03515625
2 0.428125 0.46640625 0.009375 0.028125
4 0.35859375 0.58359375 0.025 0.02890625
0 0.40234375 0.415625 0.0171875 0.04453125