6 0.228125 0.4390625 0.08203125 0.39453125
8 0.56875 0.4578125 0.075 0.19453125
6 0.56015625 0.525 0.1 0.496875
6 0.83359375 0.6640625 0.10546875 0.50703125
1 0.56953125 0.3078125 0.0390625 0.05078125
3 0.85 0.42890625 0.034375 0.0359375
5 0.85234375 0.5828125 0.0578125 0.17265625
5 0.228125 0.371875 0.05625 0.153125
7 0.203125 0.61484375 0.0265625 0.0390625
4 0.81796875 0.88125 0.04375 0.04375
2 0.8359375 0.678125 0.0203125 0.034375
7 0.2296875 0.6 0.03125 0.03125
0 0.5859375 0.54921875 0.01953125 0.06171875
2 0.23046875 0.440625 0.0171875 0.0359375
7 0.53203125 0.73984375 0.02265625 0.0484375
3 0.2359375 0.2515625 0.02734375 0.02421875
2 0.25 0.4515625 0.0125 0.034375
0 0.52578125 0.5203125 0.01953125 0.06171875