6 0.46953125 0.6578125 0.084375 0.4984375
6 0.7109375 0.7234375 0.11953125 0.49453125
8 0.7203125 0.653125 0.08671875 0.22109375
6 0.5515625 0.5984375 0.090625 0.40859375
7 0.45546875 0.875 0.0328125 0.0421875
4 0.56640625 0.76796875 0.02421875 0.040625
4 0.53203125 0.7703125 0.01640625 0.03984375
5 0.55625 0.53671875 0.0703125 0.159375
5 0.46875 0.59296875 0.065625 0.20625
2 0.58203125 0.6078125 0.0125 0.02734375
7 0.6671875 0.90625 0.0296875 0.0359375
3 0.5640625 0.41796875 0.02734375 0.03515625
3 0.4765625 0.44453125 0.03359375 0.04140625
1 0.72421875 0.51796875 0.04296875 0.08125
2 0.72109375 0.6953125 0.02890625 0.0296875
0 0.675 0.70859375 0.01796875 0.06875
2 0.559375 0.6015625 0.01875 0.0421875
7 0.48359375 0.8546875 0.03515625 0.05390625
2 0.5328125 0.6203125 0.01328125 0.01953125
7 0.703125 0.93515625 0.02421875 0.0578125