6 0.35078125 0.43359375 0.078125 0.38046875
6 0.23046875 0.38046875 0.0671875 0.328125
6 0.121875 0.39609375 0.075 0.36171875
5 0.23359375 0.3203125 0.0546875 0.115625
0 0.10625 0.4265625 0.01796875 0.0515625
4 0.1046875 0.55625 0.01953125 0.028125
0 0.253125 0.37890625 0.0125 0.0328125
4 0.2140625 0.51484375 0.0171875 0.0234375
4 0.3328125 0.584375 0.03125 0.025
4 0.2359375 0.51796875 0.0125 0.025
5 0.35703125 0.36953125 0.05 0.1421875
8 0.11328125 0.34375 0.046875 0.15390625
1 0.1203125 0.2359375 0.03046875 0.0359375
4 0.1203125 0.5515625 0.015625 0.01953125
3 0.23359375 0.22421875 0.0234375 0.0125
3 0.3515625 0.2578125 0.03203125 0.01796875
4 0.353125 0.5984375 0.03359375 0.01953125