6 0.4375 0.540625 0.0921875 0.5640625
2 0.559375 0.2953125 0.0234375 0.071875
3 0.44765625 0.2953125 0.04296875 0.05625
5 0.42109375 0.45546875 0.06015625 0.22890625
4 0.61484375 0.8265625 0.0375 0.03125
4 0.6296875 0.84296875 0.03515625 0.0375
5 0.646875 0.46953125 0.07265625 0.18125
3 0.64375 0.3203125 0.03046875 0.0328125
2 0.659375 0.32890625 0.02265625 0.0546875
6 0.621875 0.56328125 0.1453125 0.61328125
2 0.46640625 0.45703125 0.02109375 0.0484375
4 0.43359375 0.80078125 0.04609375 0.0296875
4 0.4265625 0.76953125 0.03828125 0.0265625