6 0.4453125 0.45546875 0.1234375 0.3953125
5 0.45234375 0.3796875 0.075 0.14375
6 0.57265625 0.540625 0.08359375 0.45625
6 0.1640625 0.44921875 0.071875 0.434375
8 0.1578125 0.3875 0.05859375 0.184375
1 0.1796875 0.253125 0.03515625 0.04140625
3 0.5765625 0.32734375 0.03359375 0.03671875
5 0.578125 0.48515625 0.05625 0.20078125
7 0.16171875 0.6453125 0.03203125 0.034375
2 0.39140625 0.43125 0.01875 0.0328125
4 0.54921875 0.746875 0.04296875 0.03359375
7 0.4546875 0.6328125 0.01484375 0.03046875
7 0.421875 0.6140625 0.03125 0.03125
2 0.503125 0.4625 0.0109375 0.03046875
2 0.54921875 0.57734375 0.0140625 0.02734375
3 0.46015625 0.259375 0.02421875 0.0296875
7 0.17578125 0.62265625 0.02109375 0.03046875