5 0.49375 0.38359375 0.0453125 0.16171875
4 0.6359375 0.6703125 0.01953125 0.0296875
2 0.53359375 0.41953125 0.01171875 0.05
4 0.60859375 0.65078125 0.0328125 0.01953125
6 0.51015625 0.46171875 0.07890625 0.40078125
4 0.49609375 0.6421875 0.03046875 0.0265625
5 0.62421875 0.40703125 0.0421875 0.15390625
3 0.5171875 0.2828125 0.03203125 0.0421875
4 0.4875 0.61484375 0.02734375 0.01875
2 0.596875 0.48828125 0.0109375 0.03203125
2 0.53203125 0.4078125 0.01328125 0.02109375
3 0.60546875 0.29453125 0.02421875 0.028125
6 0.6171875 0.4796875 0.05390625 0.40390625
2 0.60859375 0.42109375 0.0140625 0.03203125