8 0.40078125 0.4515625 0.0859375 0.2265625
6 0.40078125 0.5265625 0.11875 0.54921875
1 0.41328125 0.2765625 0.04140625 0.05
6 0.2328125 0.43671875 0.06484375 0.38203125
7 0.35859375 0.77109375 0.0328125 0.04375
3 0.453125 0.28046875 0.0203125 0.02265625
0 0.3546875 0.54375 0.01875 0.06484375
7 0.228125 0.609375 0.03203125 0.028125
4 0.44609375 0.62265625 0.01875 0.028125
7 0.4 0.7625 0.0234375 0.040625
5 0.45625 0.38671875 0.046875 0.1296875
2 0.2421875 0.46953125 0.01328125 0.03125
4 0.43203125 0.60390625 0.01875 0.01875
3 0.240625 0.253125 0.02421875 0.025
5 0.2296875 0.3734375 0.053125 0.1515625
7 0.24765625 0.59140625 0.02421875 0.028125
0 0.4375 0.565625 0.02109375 0.0546875