6 0.61640625 0.63203125 0.06640625 0.44140625
6 0.5265625 0.69296875 0.11015625 0.4640625
8 0.703125 0.6125 0.08046875 0.2125
6 0.696875 0.665625 0.096875 0.4859375
1 0.696875 0.465625 0.04296875 0.06171875
5 0.5203125 0.61875 0.06953125 0.184375
5 0.61328125 0.5703125 0.0734375 0.17578125
4 0.6109375 0.821875 0.0203125 0.04140625
7 0.6625 0.8578125 0.0359375 0.0421875
3 0.6203125 0.434375 0.025 0.0359375
7 0.53203125 0.88125 0.028125 0.040625
7 0.48515625 0.884375 0.0171875 0.0375
2 0.6 0.69921875 0.0234375 0.03984375
2 0.628125 0.6609375 0.01484375 0.0328125
3 0.53984375 0.50390625 0.0359375 0.046875
7 0.696875 0.88671875 0.0328125 0.05703125
2 0.69921875 0.640625 0.025 0.03125
0 0.65859375 0.675 0.01640625 0.065625
4 0.58359375 0.81484375 0.0203125 0.04140625