6 0.48046875 0.49609375 0.09375 0.42890625
6 0.32890625 0.4015625 0.0875 0.365625
8 0.33203125 0.35234375 0.0625 0.14609375
6 0.215625 0.41640625 0.06953125 0.3703125
5 0.4828125 0.4359375 0.059375 0.1875
1 0.334375 0.23671875 0.0296875 0.0328125
4 0.4515625 0.684375 0.0390625 0.02890625
2 0.46328125 0.528125 0.0171875 0.034375
7 0.32265625 0.55546875 0.01875 0.034375
2 0.1953125 0.446875 0.0140625 0.0390625
7 0.23125 0.575 0.03125 0.0234375
2 0.2390625 0.42734375 0.01328125 0.03984375
7 0.29296875 0.54921875 0.0265625 0.03125
5 0.2109375 0.36015625 0.05078125 0.14296875
3 0.478125 0.3015625 0.03203125 0.03359375
7 0.20546875 0.584375 0.0234375 0.02890625
0 0.30234375 0.4078125 0.0140625 0.0484375
0 0.3609375 0.40390625 0.0140625 0.0453125
4 0.48203125 0.68515625 0.02265625 0.0296875
7 0.22109375 0.2390625 0.025 0.0234375