6 0.440625 0.2828125 0.0328125 0.15859375
5 0.44140625 0.25390625 0.0296875 0.0625
1 0.4984375 0.21953125 0.01484375 0.02109375
8 0.49765625 0.2796875 0.0296875 0.08203125
7 0.4328125 0.35078125 0.0078125 0.01171875
0 0.4828125 0.3140625 0.00703125 0.0171875
1 0.440625 0.20859375 0.0125 0.01953125
4 0.4984375 0.3828125 0.01015625 0.01796875
4 0.4890625 0.38515625 0.00859375 0.01953125
0 0.43671875 0.23984375 0.0078125 0.01640625
0 0.440625 0.24765625 0.00625 0.0171875
0 0.50859375 0.31796875 0.009375 0.02734375
6 0.49609375 0.29921875 0.034375 0.196875
7 0.44375 0.3453125 0.015625 0.01953125