3 0.584375 0.3203125 0.03046875 0.03359375
3 0.4578125 0.28515625 0.03046875 0.0375
4 0.57734375 0.70390625 0.02578125 0.0375
4 0.54140625 0.69375 0.03046875 0.03125
2 0.60390625 0.51875 0.01328125 0.021875
2 0.55 0.49765625 0.009375 0.02265625
1 0.3234375 0.2828125 0.04296875 0.05625
7 0.2796875 0.69140625 0.0203125 0.03828125
7 0.31015625 0.68046875 0.0359375 0.03671875
8 0.30625 0.42578125 0.07265625 0.196875
5 0.45 0.41484375 0.07421875 0.16171875
2 0.334375 0.509375 0.01171875 0.04765625
0 0.4046875 0.484375 0.02578125 0.03984375
2 0.4796875 0.503125 0.02421875 0.040625
4 0.45078125 0.67578125 0.02109375 0.03359375
4 0.4140625 0.66796875 0.025 0.0296875
5 0.58828125 0.4484375 0.08125 0.15390625
6 0.3015625 0.4875 0.096875 0.47265625
6 0.4484375 0.48125 0.1015625 0.43828125
6 0.5828125 0.5078125 0.11015625 0.425