5 0.5984375 0.53046875 0.078125 0.25546875
6 0.44375 0.63125 0.140625 0.7078125
8 0.43671875 0.55 0.1078125 0.2890625
1 0.6203125 0.32265625 0.0578125 0.0734375
1 0.42734375 0.32578125 0.05390625 0.0734375
6 0.60546875 0.621875 0.0953125 0.7
4 0.596875 0.9125 0.04609375 0.0421875
0 0.58046875 0.68515625 0.0265625 0.0671875
4 0.415625 0.91015625 0.0390625 0.05078125
4 0.446875 0.91796875 0.02890625 0.06171875
0 0.47578125 0.68515625 0.0234375 0.06640625
0 0.39453125 0.6875 0.015625 0.0453125
4 0.615625 0.8890625 0.02734375 0.03359375