6 0.4765625 0.509375 0.10625 0.4875
6 0.64375 0.646875 0.1296875 0.584375
6 0.30859375 0.4953125 0.09375 0.4875
8 0.3046875 0.42578125 0.0640625 0.196875
5 0.48125 0.41953125 0.065625 0.16875
1 0.3203125 0.28046875 0.04296875 0.04765625
5 0.6671875 0.5515625 0.071875 0.21875
3 0.4703125 0.290625 0.03125 0.0375
4 0.45234375 0.70546875 0.03359375 0.028125
3 0.6515625 0.37890625 0.04296875 0.04609375
4 0.61328125 0.89296875 0.0546875 0.0421875
0 0.31484375 0.5390625 0.01875 0.065625
4 0.6109375 0.84921875 0.028125 0.03125
4 0.29609375 0.70390625 0.03671875 0.02890625
4 0.3109375 0.6828125 0.0234375 0.02109375