5 0.65 0.47109375 0.06953125 0.17109375
6 0.41484375 0.5421875 0.1359375 0.58125
3 0.6453125 0.32421875 0.0375 0.04140625
3 0.428125 0.2890625 0.03828125 0.05078125
4 0.61640625 0.83359375 0.0453125 0.02890625
5 0.421875 0.4515625 0.0984375 0.2171875
2 0.47109375 0.28515625 0.021875 0.04765625
2 0.39609375 0.29296875 0.025 0.05625
2 0.56484375 0.29375 0.028125 0.075
2 0.68046875 0.28046875 0.01484375 0.0421875
4 0.415625 0.8046875 0.0359375 0.04453125
4 0.44375 0.7828125 0.03671875 0.021875
6 0.61875 0.5484375 0.13984375 0.60703125