5 0.4515625 0.403125 0.0625 0.1609375
6 0.44765625 0.45546875 0.0828125 0.3828125
8 0.33515625 0.365625 0.05 0.1609375
6 0.246875 0.42734375 0.07578125 0.3734375
6 0.3390625 0.41796875 0.0640625 0.390625
1 0.35390625 0.24140625 0.0328125 0.0359375
4 0.415625 0.61015625 0.02734375 0.0265625
7 0.334375 0.5875 0.03671875 0.02890625
3 0.45234375 0.27890625 0.025 0.02578125
7 0.24765625 0.58046875 0.0328125 0.02890625
4 0.4484375 0.61796875 0.01796875 0.03046875
2 0.4671875 0.471875 0.01171875 0.0265625
0 0.3359375 0.440625 0.01640625 0.05078125
7 0.221875 0.59375 0.01953125 0.03515625
2 0.26953125 0.434375 0.0125 0.03359375
2 0.225 0.4375 0.0140625 0.03984375
5 0.24765625 0.36796875 0.05625 0.15078125
3 0.26015625 0.25234375 0.02734375 0.025
2 0.425 0.4671875 0.0078125 0.02265625