0 0.6515625 0.64921875 0.02578125 0.07109375
8 0.4296875 0.57109375 0.09140625 0.26015625
1 0.6125 0.31171875 0.04765625 0.0515625
4 0.428125 0.9171875 0.05234375 0.046875
1 0.43671875 0.32578125 0.05390625 0.0734375
4 0.61171875 0.8921875 0.03125 0.04375
4 0.44375 0.88984375 0.05 0.0375
4 0.57109375 0.8640625 0.01953125 0.04453125
0 0.559375 0.640625 0.0125 0.05703125
6 0.428125 0.61640625 0.11171875 0.69140625
6 0.6078125 0.5984375 0.10703125 0.69140625
5 0.61171875 0.521875 0.103125 0.25
0 0.46484375 0.63046875 0.0421875 0.053125