6 0.4578125 0.46015625 0.08046875 0.378125
6 0.25703125 0.428125 0.1078125 0.3765625
6 0.35703125 0.42109375 0.0734375 0.39375
8 0.359375 0.36328125 0.05703125 0.1484375
1 0.365625 0.24609375 0.0296875 0.0390625
5 0.46796875 0.39921875 0.0515625 0.14140625
4 0.421875 0.60703125 0.0328125 0.025
7 0.24609375 0.584375 0.03125 0.0265625
4 0.44609375 0.62265625 0.021875 0.03125
3 0.46796875 0.28515625 0.025 0.0265625
7 0.334375 0.58515625 0.01875 0.0265625
3 0.246875 0.2515625 0.0296875 0.028125
7 0.3609375 0.5875 0.01875 0.028125
2 0.2140625 0.44765625 0.0125 0.03984375
2 0.45078125 0.37578125 0.0140625 0.0265625
2 0.30078125 0.3453125 0.015625 0.0265625
5 0.2375 0.36875 0.053125 0.146875
7 0.221875 0.59765625 0.02421875 0.0359375
0 0.3921875 0.34296875 0.01796875 0.0234375
0 0.334375 0.3296875 0.015625 0.03046875