3 0.5890625 0.31953125 0.02578125 0.0234375
3 0.44609375 0.28515625 0.02734375 0.03515625
1 0.28984375 0.2671875 0.03828125 0.04453125
5 0.58046875 0.45546875 0.07421875 0.1609375
5 0.440625 0.4125 0.0796875 0.15703125
8 0.27890625 0.41328125 0.0765625 0.19375
2 0.60234375 0.55625 0.01328125 0.03046875
2 0.540625 0.5390625 0.01171875 0.03515625
2 0.4875 0.5078125 0.02265625 0.04765625
2 0.378125 0.48125 0.02265625 0.0515625
2 0.3234375 0.4921875 0.01875 0.04453125
2 0.22890625 0.50703125 0.01953125 0.0453125
4 0.57734375 0.7125 0.02421875 0.0484375
4 0.54375 0.70078125 0.03046875 0.0390625
4 0.4515625 0.68203125 0.01953125 0.040625
4 0.40234375 0.67265625 0.021875 0.03359375
7 0.28828125 0.66875 0.03515625 0.04296875
7 0.25703125 0.6765625 0.01953125 0.053125
6 0.57421875 0.51953125 0.0875 0.4296875
6 0.43203125 0.4875 0.13125 0.434375
6 0.2765625 0.47265625 0.1140625 0.4515625