6 0.4546875 0.4578125 0.078125 0.3828125
6 0.36015625 0.421875 0.0796875 0.3984375
8 0.365625 0.3578125 0.06015625 0.146875
5 0.46171875 0.409375 0.0546875 0.1609375
6 0.2234375 0.425 0.07578125 0.38046875
1 0.371875 0.24453125 0.03046875 0.0375
7 0.24375 0.58359375 0.034375 0.02734375
4 0.42265625 0.60625 0.0328125 0.0234375
4 0.44609375 0.62265625 0.0203125 0.03046875
3 0.4625 0.28125 0.025 0.02890625
7 0.21484375 0.5953125 0.02109375 0.034375
2 0.4609375 0.4828125 0.01328125 0.0234375
7 0.33984375 0.58359375 0.02265625 0.03671875
2 0.21171875 0.459375 0.015625 0.03828125
7 0.3671875 0.59375 0.015625 0.0296875
5 0.21953125 0.36640625 0.0484375 0.1515625
2 0.2421875 0.434375 0.009375 0.034375
0 0.3453125 0.25 0.01953125 0.02578125
0 0.39453125 0.26015625 0.01953125 0.0296875
3 0.22890625 0.24375 0.02421875 0.028125