0 0.49375 0.50078125 0.01328125 0.034375
0 0.42421875 0.48359375 0.0171875 0.03515625
3 0.4765625 0.284375 0.02578125 0.02890625
5 0.4703125 0.409375 0.075 0.14453125
4 0.45859375 0.6796875 0.021875 0.034375
4 0.428125 0.67421875 0.02109375 0.03203125
7 0.2828125 0.70078125 0.0375 0.04140625
7 0.30859375 0.6765625 0.03046875 0.0359375
0 0.28046875 0.51484375 0.01875 0.06796875
8 0.30546875 0.42109375 0.07265625 0.16875
1 0.31328125 0.27265625 0.0453125 0.046875
6 0.4609375 0.4828125 0.09375 0.44765625
6 0.3 0.4734375 0.08515625 0.48515625