6 0.33046875 0.484375 0.1 0.4640625
5 0.32578125 0.4125 0.075 0.19375
6 0.49296875 0.50625 0.0875 0.44375
5 0.4984375 0.44375 0.053125 0.1890625
3 0.3359375 0.29375 0.0296875 0.04453125
7 0.33046875 0.6953125 0.0421875 0.03046875
4 0.47421875 0.70546875 0.0421875 0.028125
3 0.49921875 0.303125 0.0359375 0.03359375
7 0.34453125 0.64765625 0.0203125 0.02890625
2 0.48359375 0.52734375 0.0109375 0.021875
1 0.35546875 0.271875 0.03359375 0.065625
8 0.365625 0.3859375 0.04375 0.15234375
2 0.36484375 0.3921875 0.01328125 0.03203125
0 0.3515625 0.37734375 0.0203125 0.0296875