1 0.41640625 0.2578125 0.0359375 0.0546875
6 0.6421875 0.4515625 0.084375 0.4109375
6 0.428125 0.45625 0.08125 0.478125
8 0.43125 0.38515625 0.05625 0.17734375
1 0.646875 0.26953125 0.03125 0.0375
7 0.42734375 0.6484375 0.03828125 0.0328125
4 0.628125 0.6203125 0.0328125 0.02578125
5 0.6484375 0.3953125 0.0671875 0.1765625
0 0.4171875 0.40546875 0.02421875 0.040625
0 0.3859375 0.3796875 0.025 0.0296875
7 0.41171875 0.621875 0.028125 0.034375
4 0.6484375 0.61875 0.01171875 0.02109375
0 0.6125 0.4609375 0.0125 0.0234375