6 0.65859375 0.54296875 0.1 0.4390625
5 0.66796875 0.44453125 0.0671875 0.14375
3 0.69296875 0.34609375 0.028125 0.03984375
7 0.671875 0.71875 0.01875 0.0375
6 0.13828125 0.4 0.0671875 0.3296875
4 0.14296875 0.5375 0.01875 0.02890625
2 0.1515625 0.41875 0.0140625 0.02421875
0 0.63828125 0.5203125 0.0171875 0.0546875
2 0.1234375 0.421875 0.01328125 0.0265625
4 0.62734375 0.7 0.01640625 0.03125
5 0.13671875 0.35546875 0.0609375 0.12265625
3 0.14296875 0.2890625 0.02265625 0.04609375
4 0.6921875 0.4390625 0.02578125 0.0421875