8 0.296875 0.41875 0.0796875 0.19375
6 0.29453125 0.4828125 0.1 0.465625
6 0.57109375 0.51015625 0.0796875 0.41484375
6 0.4390625 0.471875 0.0890625 0.42890625
5 0.44609375 0.4078125 0.071875 0.1484375
5 0.5828125 0.46015625 0.04609375 0.16875
1 0.30078125 0.2703125 0.0359375 0.0421875
4 0.4125 0.65625 0.0265625 0.028125
3 0.45 0.2734375 0.025 0.0296875
3 0.5828125 0.31875 0.03046875 0.0296875
2 0.5640625 0.55234375 0.01875 0.0390625
4 0.5390625 0.7 0.04140625 0.02734375
7 0.27109375 0.6828125 0.02265625 0.0328125
4 0.4359375 0.6671875 0.01484375 0.03125
7 0.29453125 0.68984375 0.01953125 0.040625
2 0.3359375 0.51640625 0.01328125 0.0453125
2 0.25234375 0.4875 0.01484375 0.0421875
2 0.47265625 0.49765625 0.0125 0.0390625
2 0.3984375 0.4828125 0.0125 0.0375
4 0.571875 0.703125 0.03046875 0.03828125