4 0.55625 0.9 0.034375 0.04921875
4 0.6109375 0.921875 0.01953125 0.04375
4 0.43125 0.89140625 0.0421875 0.06796875
5 0.60625 0.52890625 0.10390625 0.2734375
1 0.6078125 0.33984375 0.05390625 0.08984375
8 0.4234375 0.528125 0.090625 0.2765625
0 0.58125 0.52578125 0.028125 0.03828125
1 0.43828125 0.315625 0.05625 0.0734375
4 0.45078125 0.8625 0.04375 0.0359375
0 0.421875 0.6625 0.03671875 0.0703125
0 0.609375 0.5375 0.0390625 0.04140625
0 0.4703125 0.63203125 0.02578125 0.0640625
6 0.42890625 0.60078125 0.1109375 0.6875
6 0.5984375 0.6203125 0.11015625 0.69609375