3 0.5 0.325 0.04609375 0.06953125
3 0.7015625 0.4234375 0.05078125 0.06171875
5 0.6546875 0.63828125 0.08515625 0.3359375
4 0.4703125 0.88046875 0.046875 0.034375
4 0.4453125 0.84296875 0.01796875 0.02578125
4 0.6234375 0.98828125 0.04765625 0.0234375
4 0.6359375 0.971875 0.02734375 0.021875
4 0.478125 0.85078125 0.01015625 0.01328125
2 0.48515625 0.66328125 0.02265625 0.0625
2 0.6765625 0.8 0.02265625 0.028125
8 0.471875 0.5203125 0.078125 0.284375
6 0.47890625 0.59296875 0.1046875 0.6328125
6 0.66171875 0.68828125 0.13515625 0.62265625