6 0.46328125 0.45546875 0.090625 0.3953125
6 0.16640625 0.44765625 0.0734375 0.4375
6 0.5765625 0.540625 0.0875 0.4625
5 0.471875 0.390625 0.06328125 0.1390625
8 0.159375 0.3890625 0.0609375 0.1859375
5 0.5859375 0.46171875 0.05234375 0.165625
3 0.58515625 0.32578125 0.03359375 0.0296875
7 0.1734375 0.62265625 0.028125 0.028125
1 0.1734375 0.24921875 0.034375 0.040625
4 0.54921875 0.74765625 0.04453125 0.03203125
7 0.4765625 0.62265625 0.01796875 0.0359375
3 0.4796875 0.275 0.02109375 0.021875
2 0.16796875 0.4796875 0.0125 0.040625
7 0.428125 0.60703125 0.0171875 0.0328125
2 0.5828125 0.49921875 0.01640625 0.03125
2 0.49453125 0.4640625 0.0125 0.0359375
7 0.16328125 0.6484375 0.03125 0.03515625
2 0.44296875 0.4421875 0.00859375 0.02265625