6 0.53203125 0.54296875 0.1421875 0.5078125
6 0.6609375 0.5453125 0.0984375 0.4640625
6 0.815625 0.65625 0.13046875 0.5125
8 0.525 0.4765625 0.0875 0.20546875
5 0.675 0.47109375 0.0625 0.1890625
1 0.52890625 0.31875 0.03828125 0.04609375
3 0.8421875 0.42421875 0.03203125 0.0421875
7 0.65 0.74140625 0.0390625 0.04453125
3 0.68125 0.32890625 0.03203125 0.03203125
2 0.6796875 0.58046875 0.01953125 0.03984375
2 0.603125 0.540625 0.01875 0.03359375
7 0.49375 0.73828125 0.0265625 0.0359375
4 0.75859375 0.871875 0.03515625 0.05625
7 0.51328125 0.76015625 0.0359375 0.03984375
7 0.62890625 0.7234375 0.02734375 0.03828125
4 0.7890625 0.8921875 0.03671875 0.0359375
5 0.82421875 0.58515625 0.09921875 0.21171875
2 0.475 0.57890625 0.01484375 0.025