6 0.3703125 0.49765625 0.09296875 0.4640625
6 0.4734375 0.465625 0.08125 0.41953125
5 0.3703125 0.4359375 0.078125 0.2
6 0.2609375 0.421875 0.07109375 0.35859375
5 0.4796875 0.36875 0.06171875 0.109375
3 0.48359375 0.271875 0.025 0.028125
7 0.3796875 0.70625 0.028125 0.034375
7 0.48515625 0.640625 0.0203125 0.040625
4 0.246875 0.575 0.01796875 0.03828125
7 0.346875 0.69375 0.01796875 0.03359375
7 0.440625 0.62109375 0.02421875 0.034375
3 0.378125 0.2890625 0.03203125 0.034375
2 0.48515625 0.403125 0.015625 0.02890625
0 0.40703125 0.52890625 0.0109375 0.03203125
5 0.26328125 0.35859375 0.05078125 0.11015625
3 0.271875 0.24375 0.0234375 0.0328125
4 0.26328125 0.5671875 0.021875 0.01953125
2 0.4703125 0.39765625 0.01328125 0.03046875