6 0.5171875 0.5078125 0.0828125 0.49765625
1 0.48046875 0.29140625 0.0359375 0.059375
7 0.4578125 0.6640625 0.0328125 0.03828125
7 0.40390625 0.7390625 0.04375 0.03046875
3 0.4140625 0.296875 0.03125 0.0359375
4 0.5 0.73515625 0.0421875 0.03046875
6 0.40859375 0.51875 0.1109375 0.49375
2 0.43203125 0.53671875 0.015625 0.03828125
7 0.425 0.66875 0.01796875 0.0421875
2 0.36875 0.5203125 0.01171875 0.0359375
8 0.46328125 0.40078125 0.059375 0.1671875
5 0.4 0.4390625 0.0734375 0.19765625
5 0.51875 0.440625 0.0625 0.22890625
4 0.4953125 0.7078125 0.02734375 0.028125