2 0.52734375 0.45546875 0.01328125 0.025
3 0.62109375 0.32421875 0.03125 0.0375
4 0.61015625 0.71640625 0.02578125 0.046875
4 0.5734375 0.703125 0.02578125 0.0390625
5 0.61796875 0.4625 0.08671875 0.171875
6 0.61015625 0.52578125 0.11484375 0.45546875
2 0.28125 0.521875 0.01796875 0.053125
2 0.334375 0.5109375 0.0125 0.03984375
4 0.30703125 0.68359375 0.03828125 0.0421875
4 0.28046875 0.69453125 0.02265625 0.04609375
5 0.30859375 0.4375 0.07578125 0.2171875
1 0.31875 0.27578125 0.0484375 0.05859375
6 0.30390625 0.4765625 0.08359375 0.48203125