6 0.26796875 0.475 0.1109375 0.453125
6 0.43515625 0.4875 0.1296875 0.43515625
5 0.4453125 0.41171875 0.0828125 0.159375
8 0.27109375 0.41484375 0.07421875 0.1953125
5 0.609375 0.48125 0.07890625 0.178125
6 0.59765625 0.56015625 0.10546875 0.47265625
1 0.28125 0.26875 0.0390625 0.04453125
3 0.453125 0.2828125 0.02734375 0.03828125
4 0.403125 0.671875 0.02109375 0.034375
2 0.38125 0.48046875 0.021875 0.0453125
3 0.6140625 0.3375 0.028125 0.0296875
4 0.45234375 0.68359375 0.01875 0.0375
7 0.29921875 0.671875 0.0375 0.0359375
4 0.59453125 0.76796875 0.0234375 0.04921875
4 0.55625 0.73046875 0.0328125 0.0390625
2 0.4921875 0.509375 0.01953125 0.0453125
2 0.31328125 0.4890625 0.015625 0.0453125
2 0.2203125 0.51015625 0.015625 0.0453125
7 0.2578125 0.678125 0.01875 0.04375
2 0.6296875 0.58125 0.0125 0.03046875
2 0.5671875 0.565625 0.0109375 0.02421875