4 0.7 0.69765625 0.02890625 0.02421875
4 0.646875 0.678125 0.0171875 0.025
6 0.584375 0.35078125 0.03671875 0.1625
3 0.715625 0.3484375 0.02734375 0.03828125
3 0.58984375 0.27890625 0.0125 0.01796875
5 0.58515625 0.32734375 0.03515625 0.07421875
5 0.69765625 0.43984375 0.04609375 0.1375
2 0.7296875 0.45703125 0.01171875 0.021875
2 0.721875 0.4390625 0.01015625 0.015625
6 0.68671875 0.51875 0.10078125 0.390625
4 0.58125 0.428125 0.009375 0.0078125
4 0.57109375 0.4203125 0.00859375 0.0140625
2 0.57109375 0.35703125 0.00625 0.0078125