6 0.12890625 0.39296875 0.0859375 0.3546875
6 0.225 0.378125 0.06875 0.3390625
8 0.12734375 0.34765625 0.0640625 0.15703125
6 0.34921875 0.43515625 0.078125 0.3765625
5 0.228125 0.321875 0.0484375 0.121875
5 0.35234375 0.378125 0.05625 0.159375
4 0.2328125 0.51796875 0.0234375 0.02421875
4 0.35390625 0.59453125 0.0171875 0.0359375
0 0.16015625 0.415625 0.0140625 0.05
0 0.24765625 0.3734375 0.0140625 0.03125
2 0.34921875 0.44375 0.015625 0.02734375
0 0.2046875 0.384375 0.0140625 0.0328125
4 0.1296875 0.55390625 0.0265625 0.02421875
3 0.23828125 0.22421875 0.01875 0.034375
1 0.13359375 0.23984375 0.03046875 0.0375
4 0.1125 0.55234375 0.01484375 0.0234375
0 0.09296875 0.4015625 0.0109375 0.02890625
4 0.21640625 0.525 0.015625 0.028125
3 0.346875 0.25859375 0.028125 0.01875
4 0.3328125 0.5859375 0.03515625 0.0234375