6 0.30390625 0.490625 0.08125 0.4578125
6 0.3890625 0.5109375 0.10390625 0.4953125
6 0.60703125 0.5328125 0.0921875 0.42578125
1 0.32265625 0.29140625 0.04375 0.053125
8 0.30234375 0.43046875 0.0734375 0.19765625
2 0.3140625 0.4765625 0.01875 0.0390625
7 0.28125 0.69609375 0.03125 0.040625
7 0.30703125 0.68125 0.0375 0.040625
3 0.40859375 0.3 0.0328125 0.03125
2 0.43203125 0.51875 0.0140625 0.03125
4 0.3765625 0.73984375 0.0390625 0.02734375
4 0.346875 0.7125 0.0203125 0.02421875
5 0.396875 0.4390625 0.07421875 0.19296875
3 0.61640625 0.334375 0.034375 0.025
2 0.62890625 0.55390625 0.01328125 0.0328125
2 0.58203125 0.5453125 0.0109375 0.03515625
4 0.6078125 0.7140625 0.0265625 0.0390625
4 0.57578125 0.703125 0.028125 0.03203125
5 0.6140625 0.475 0.07421875 0.19296875