6 0.77578125 0.76015625 0.128125 0.478125
8 0.7828125 0.746875 0.0984375 0.240625
6 0.653125 0.73125 0.1 0.53359375
5 0.6578125 0.65390625 0.08515625 0.18828125
7 0.559375 0.9625 0.025 0.028125
5 0.55 0.7203125 0.06875 0.225
2 0.68828125 0.75546875 0.01640625 0.04296875
0 0.72421875 0.828125 0.025 0.084375
6 0.55390625 0.7484375 0.09921875 0.5015625
2 0.61640625 0.7125 0.01796875 0.05546875
3 0.66484375 0.51640625 0.03671875 0.04921875
3 0.5703125 0.54453125 0.04609375 0.0484375
2 0.80546875 0.765625 0.0234375 0.0375
4 0.6171875 0.93984375 0.02734375 0.04921875
4 0.665625 0.95546875 0.03203125 0.0515625
1 0.80859375 0.59453125 0.05859375 0.0859375