6 0.57109375 0.51640625 0.0921875 0.428125
6 0.2890625 0.48671875 0.1140625 0.47265625
5 0.44921875 0.4078125 0.0765625 0.14375
6 0.4453125 0.48125 0.09375 0.43515625
8 0.29296875 0.4203125 0.075 0.1890625
5 0.578125 0.4453125 0.07421875 0.14921875
1 0.30546875 0.271875 0.04375 0.0484375
3 0.57890625 0.321875 0.03125 0.03828125
3 0.4640625 0.2875 0.0328125 0.04296875
2 0.40859375 0.49375 0.02109375 0.040625
4 0.41328125 0.665625 0.021875 0.02890625
4 0.45078125 0.67421875 0.0203125 0.03125
4 0.5765625 0.703125 0.0234375 0.0375
7 0.309375 0.68046875 0.0359375 0.03515625
4 0.54140625 0.690625 0.0296875 0.02890625
2 0.478125 0.50625 0.02109375 0.040625
2 0.59140625 0.54921875 0.0125 0.02734375
2 0.3546875 0.4703125 0.0203125 0.0390625
2 0.23984375 0.50625 0.01484375 0.04375
7 0.27265625 0.6890625 0.01875 0.040625
2 0.53828125 0.48203125 0.0125 0.025