4 0.496875 0.73515625 0.0359375 0.0265625
6 0.5921875 0.4203125 0.04765625 0.26171875
3 0.5515625 0.3078125 0.03359375 0.04296875
4 0.53046875 0.71796875 0.03515625 0.02109375
6 0.52265625 0.5109375 0.09140625 0.4703125
2 0.61015625 0.4328125 0.009375 0.01953125
4 0.575 0.540625 0.01328125 0.01796875
4 0.590625 0.54140625 0.01171875 0.01875
2 0.571875 0.434375 0.0078125 0.0203125
2 0.55390625 0.56953125 0.01875 0.04375
5 0.525 0.4453125 0.0515625 0.18125
5 0.5921875 0.38125 0.03359375 0.1109375
3 0.59765625 0.30078125 0.01640625 0.02109375