4 0.4390625 0.85234375 0.03125 0.04453125
4 0.49765625 0.865625 0.01875 0.0453125
8 0.4921875 0.50703125 0.09765625 0.25859375
3 0.51328125 0.31328125 0.03515625 0.04921875
6 0.48515625 0.5921875 0.21796875 0.60234375
3 0.60234375 0.290625 0.01328125 0.0171875
2 0.39375 0.440625 0.03046875 0.05703125
6 0.59765625 0.40546875 0.11796875 0.24609375
4 0.6015625 0.5140625 0.01015625 0.0234375
5 0.6 0.36484375 0.04765625 0.09375
2 0.58515625 0.51171875 0.01875 0.04921875
2 0.54453125 0.35078125 0.0125 0.021875
2 0.65 0.37109375 0.01171875 0.0234375