8 0.34921875 0.45390625 0.0765625 0.2296875
6 0.640625 0.5875 0.11796875 0.534375
6 0.35390625 0.51796875 0.0921875 0.484375
5 0.65625 0.50390625 0.0625 0.20703125
6 0.2546875 0.41640625 0.0796875 0.35390625
3 0.6484375 0.34375 0.040625 0.04375
2 0.684375 0.60234375 0.0203125 0.040625
7 0.62265625 0.81328125 0.04921875 0.04375
7 0.3484375 0.73671875 0.04609375 0.03359375
2 0.24453125 0.44375 0.0140625 0.02734375
4 0.26328125 0.56640625 0.0265625 0.02734375
3 0.365625 0.30546875 0.0328125 0.053125
2 0.6125 0.51484375 0.01875 0.03359375
4 0.24453125 0.5765625 0.01484375 0.02421875
2 0.28125 0.43046875 0.01328125 0.0234375
3 0.26484375 0.2453125 0.02421875 0.02734375
7 0.6046875 0.77578125 0.0296875 0.04140625
5 0.25703125 0.3515625 0.05078125 0.1046875