6 0.665625 0.6640625 0.0921875 0.503125
8 0.6640625 0.6203125 0.0765625 0.221875
6 0.49453125 0.659375 0.1078125 0.4765625
5 0.49140625 0.609375 0.0890625 0.19765625
7 0.5015625 0.871875 0.03203125 0.0359375
0 0.690625 0.72890625 0.0203125 0.07421875
1 0.6828125 0.45 0.03984375 0.053125
7 0.6578125 0.89375 0.04140625 0.034375
7 0.46484375 0.853125 0.01796875 0.046875
3 0.584375 0.4125 0.03203125 0.03984375
3 0.50078125 0.44921875 0.0359375 0.04296875
4 0.55859375 0.77734375 0.03671875 0.03359375
4 0.6 0.52578125 0.0109375 0.02890625
6 0.5765625 0.6 0.07109375 0.42421875