6 0.60703125 0.5328125 0.0984375 0.4359375
6 0.3 0.4828125 0.0828125 0.471875
8 0.3015625 0.43046875 0.06875 0.20625
5 0.61640625 0.47421875 0.0703125 0.18359375
1 0.3109375 0.275 0.0453125 0.05234375
3 0.6203125 0.33203125 0.0296875 0.03125
4 0.57421875 0.703125 0.02578125 0.0390625
3 0.9546875 0.4875 0.03828125 0.05859375
4 0.6078125 0.7140625 0.02578125 0.04375
2 0.278125 0.525 0.01875 0.04375
2 0.6171875 0.546875 0.015625 0.02890625
2 0.5953125 0.53984375 0.0140625 0.03125
6 0.9140625 0.70546875 0.121875 0.503125
7 0.30625 0.68125 0.0359375 0.040625
2 0.32734375 0.5078125 0.01015625 0.0359375
7 0.27890625 0.6875 0.0265625 0.053125
2 0.90078125 0.76171875 0.02421875 0.0515625
5 0.9046875 0.60234375 0.06640625 0.15390625