6 0.4046875 0.525 0.103125 0.49140625
5 0.5234375 0.45625 0.06796875 0.215625
1 0.48515625 0.296875 0.034375 0.05625
6 0.52109375 0.51171875 0.1046875 0.4984375
7 0.40390625 0.73984375 0.04296875 0.02890625
4 0.5 0.73515625 0.04375 0.03046875
7 0.45859375 0.66484375 0.03203125 0.0375
3 0.41953125 0.3015625 0.0328125 0.034375
7 0.43203125 0.67734375 0.0171875 0.0359375
2 0.45703125 0.48671875 0.01640625 0.0265625
4 0.4953125 0.70546875 0.02421875 0.02890625
5 0.40234375 0.45078125 0.07578125 0.203125
7 0.37421875 0.72109375 0.01796875 0.025