6 0.39609375 0.51953125 0.09296875 0.46953125
6 0.52421875 0.51640625 0.0796875 0.47421875
5 0.5296875 0.46953125 0.05625 0.2
1 0.4578125 0.29453125 0.0375 0.059375
8 0.4640625 0.41328125 0.06640625 0.18125
7 0.4078125 0.72890625 0.03984375 0.03125
2 0.5140625 0.575 0.015625 0.028125
7 0.46171875 0.6828125 0.01875 0.0375
3 0.41640625 0.31328125 0.03046875 0.04375
7 0.4265625 0.6640625 0.021875 0.0359375
7 0.3796875 0.715625 0.01953125 0.02890625
5 0.3953125 0.43671875 0.06953125 0.2
4 0.5 0.734375 0.04375 0.02890625
4 0.4953125 0.70625 0.0265625 0.02578125