2 0.6515625 0.54296875 0.01796875 0.03984375
2 0.51484375 0.4921875 0.01953125 0.0359375
2 0.4546875 0.50234375 0.01015625 0.0359375
2 0.38828125 0.490625 0.0109375 0.04140625
2 0.3328125 0.49453125 0.01640625 0.0515625
2 0.23671875 0.515625 0.01953125 0.046875
3 0.5921875 0.31953125 0.02578125 0.025
3 0.4328125 0.2796875 0.028125 0.03984375
1 0.3 0.27734375 0.040625 0.04765625
5 0.43359375 0.40546875 0.071875 0.15625
5 0.590625 0.4546875 0.078125 0.16015625
8 0.28828125 0.4203125 0.07578125 0.1984375
4 0.575 0.71328125 0.02109375 0.03984375
4 0.55078125 0.7015625 0.0265625 0.03203125
4 0.43359375 0.671875 0.01875 0.0328125
4 0.4 0.6671875 0.01796875 0.0328125
7 0.29765625 0.6765625 0.03515625 0.03828125
7 0.26171875 0.6890625 0.01875 0.0453125
6 0.58359375 0.51953125 0.153125 0.42421875
6 0.421875 0.475 0.0796875 0.42734375
6 0.28359375 0.48359375 0.11171875 0.4609375