6 0.32734375 0.4828125 0.09609375 0.478125
6 0.4953125 0.50390625 0.090625 0.44296875
5 0.50234375 0.44375 0.05625 0.18984375
5 0.31953125 0.4265625 0.0671875 0.19921875
4 0.47421875 0.70546875 0.0421875 0.028125
1 0.35078125 0.25625 0.028125 0.04375
7 0.32109375 0.69921875 0.0421875 0.02890625
2 0.47890625 0.51484375 0.0140625 0.02578125
2 0.3546875 0.52734375 0.0140625 0.040625
3 0.509375 0.3 0.03125 0.03203125
0 0.34765625 0.33984375 0.02265625 0.02578125
8 0.36171875 0.365625 0.03515625 0.14375
3 0.33515625 0.278125 0.02734375 0.03515625
4 0.47265625 0.68125 0.01640625 0.02265625