1 0.30390625 0.27890625 0.03671875 0.05546875
3 0.44375 0.27890625 0.028125 0.03671875
3 0.5921875 0.325 0.02421875 0.028125
8 0.29140625 0.42109375 0.06953125 0.19140625
5 0.43515625 0.4109375 0.075 0.1484375
5 0.584375 0.46015625 0.07421875 0.16328125
4 0.5765625 0.70625 0.0234375 0.04921875
4 0.54765625 0.7 0.021875 0.04296875
4 0.43359375 0.66953125 0.02109375 0.0421875
4 0.39921875 0.66640625 0.01953125 0.040625
7 0.2984375 0.67578125 0.0359375 0.04609375
7 0.26171875 0.684375 0.01875 0.053125
2 0.60078125 0.54140625 0.0046875 0.01953125
2 0.546875 0.5375 0.0125 0.02265625
2 0.46015625 0.49921875 0.01171875 0.03828125
2 0.39375 0.490625 0.01328125 0.04296875
2 0.32109375 0.51328125 0.0125 0.04140625
2 0.25625 0.51484375 0.01328125 0.05234375
6 0.5796875 0.52109375 0.0859375 0.42578125
6 0.43125 0.47421875 0.08828125 0.43046875
6 0.290625 0.48046875 0.0875 0.459375