3 0.59296875 0.321875 0.02421875 0.0328125
3 0.44140625 0.27578125 0.02734375 0.03515625
6 0.28828125 0.48125 0.07734375 0.4578125
1 0.30078125 0.27421875 0.0375 0.046875
5 0.584375 0.46015625 0.078125 0.16875
5 0.43359375 0.41015625 0.078125 0.153125
8 0.28984375 0.4171875 0.07265625 0.19609375
2 0.6015625 0.55234375 0.0140625 0.034375
2 0.55234375 0.54296875 0.01328125 0.03203125
2 0.4578125 0.50078125 0.01171875 0.0359375
2 0.39296875 0.4921875 0.0125 0.0390625
2 0.32109375 0.5109375 0.01171875 0.04453125
2 0.25390625 0.51953125 0.01328125 0.04765625
4 0.57578125 0.7078125 0.02265625 0.04765625
4 0.5484375 0.696875 0.02109375 0.04765625
4 0.43359375 0.6703125 0.01953125 0.040625
4 0.4 0.66484375 0.01875 0.03359375
7 0.296875 0.6734375 0.0375 0.05
7 0.26171875 0.68359375 0.0171875 0.05078125
6 0.58046875 0.52109375 0.0859375 0.42578125
6 0.43046875 0.47421875 0.0890625 0.43046875