6 0.590625 0.52265625 0.11953125 0.4265625
6 0.44140625 0.475 0.075 0.440625
5 0.59453125 0.4578125 0.0703125 0.1546875
6 0.2953125 0.47890625 0.08125 0.459375
8 0.3015625 0.425 0.0640625 0.19765625
5 0.45078125 0.40859375 0.05 0.16328125
1 0.29609375 0.27265625 0.0390625 0.04765625
3 0.596875 0.325 0.0328125 0.034375
3 0.44453125 0.275 0.0296875 0.03671875
4 0.5734375 0.7125 0.028125 0.028125
4 0.42265625 0.67578125 0.03671875 0.025
7 0.27421875 0.68671875 0.040625 0.03046875
2 0.5421875 0.53046875 0.01875 0.04140625
4 0.546875 0.7 0.01875 0.0328125
2 0.2671875 0.52421875 0.01484375 0.053125
2 0.42265625 0.509375 0.0125 0.046875
2 0.64453125 0.51875 0.0125 0.03125
2 0.46640625 0.4734375 0.00859375 0.03203125