1 0.43359375 0.32265625 0.05625 0.06796875
5 0.528125 0.471875 0.09609375 0.225
1 0.52421875 0.29375 0.0390625 0.0484375
4 0.5390625 0.8109375 0.03203125 0.03359375
8 0.41953125 0.5515625 0.09296875 0.29140625
4 0.4296875 0.88125 0.0453125 0.03125
4 0.428125 0.91875 0.05859375 0.0515625
4 0.5078125 0.73203125 0.01953125 0.0546875
0 0.5171875 0.603125 0.04453125 0.05703125
0 0.56328125 0.56796875 0.025 0.0390625
0 0.490625 0.56328125 0.01953125 0.03203125
6 0.5296875 0.55390625 0.09140625 0.603125
6 0.425 0.61484375 0.10859375 0.7125