6 0.4765625 0.5390625 0.09609375 0.51640625
6 0.778125 0.66171875 0.11328125 0.546875
6 0.6359375 0.534375 0.103125 0.475
5 0.7890625 0.575 0.08359375 0.19375
8 0.4703125 0.475 0.06875 0.228125
5 0.65078125 0.47109375 0.06875 0.2125
1 0.5015625 0.31328125 0.04375 0.0484375
3 0.7921875 0.41171875 0.03671875 0.0375
7 0.475 0.76796875 0.046875 0.03359375
3 0.6578125 0.31796875 0.03671875 0.03515625
7 0.63046875 0.715625 0.02578125 0.02890625
4 0.759375 0.88125 0.03359375 0.046875
2 0.778125 0.69375 0.0203125 0.04296875
2 0.74296875 0.6578125 0.015625 0.040625
2 0.4890625 0.60234375 0.01796875 0.021875
7 0.6203125 0.7359375 0.03046875 0.03203125
4 0.7375 0.85078125 0.028125 0.03359375