1 0.3125 0.27421875 0.0453125 0.04609375
8 0.29609375 0.41875 0.0609375 0.2046875
7 0.303125 0.675 0.03203125 0.0265625
7 0.28203125 0.69921875 0.03203125 0.034375
6 0.6078125 0.53125 0.0796875 0.40546875
5 0.4234375 0.534375 0.06171875 0.13125
3 0.62578125 0.35 0.028125 0.0390625
2 0.57734375 0.53203125 0.01171875 0.02734375
4 0.58203125 0.70625 0.03515625 0.02890625
4 0.43515625 0.7046875 0.01484375 0.03359375
2 0.42421875 0.6953125 0.01640625 0.034375
0 0.32734375 0.43515625 0.02421875 0.03046875
4 0.3984375 0.69140625 0.02890625 0.028125
2 0.63359375 0.56171875 0.01640625 0.03125
4 0.61171875 0.71875 0.01640625 0.03125
5 0.61640625 0.46328125 0.08203125 0.15234375
0 0.403125 0.5796875 0.0140625 0.03984375
3 0.42109375 0.54765625 0.02734375 0.046875
6 0.425 0.590625 0.08828125 0.29140625
6 0.29921875 0.49140625 0.0953125 0.4875