5 0.45546875 0.40078125 0.0640625 0.15
8 0.3484375 0.36484375 0.0625 0.153125
6 0.2375 0.428125 0.06796875 0.378125
6 0.45 0.4546875 0.08125 0.3796875
6 0.346875 0.41875 0.0828125 0.3859375
1 0.359375 0.2484375 0.02890625 0.04375
4 0.41640625 0.61015625 0.028125 0.02578125
7 0.24609375 0.58359375 0.03125 0.02734375
7 0.35390625 0.57578125 0.03125 0.03359375
2 0.46484375 0.4765625 0.0125 0.02578125
3 0.459375 0.28046875 0.025 0.0265625
7 0.221875 0.596875 0.01953125 0.034375
2 0.21796875 0.45 0.0140625 0.040625
4 0.4484375 0.61875 0.01640625 0.03125
2 0.25859375 0.4328125 0.0109375 0.0359375
0 0.31171875 0.4140625 0.0125 0.0390625
5 0.23671875 0.36875 0.05 0.15078125
3 0.24765625 0.24921875 0.0296875 0.025
0 0.38984375 0.41875 0.01640625 0.0453125
7 0.3296875 0.57890625 0.01875 0.040625