6 0.3859375 0.521875 0.1140625 0.378125
6 0.65390625 0.4578125 0.0859375 0.4
1 0.66328125 0.2796875 0.0265625 0.040625
7 0.3828125 0.63515625 0.02734375 0.028125
7 0.39453125 0.665625 0.0421875 0.03828125
5 0.66015625 0.3890625 0.06328125 0.15703125
8 0.3953125 0.425 0.0765625 0.146875
0 0.40234375 0.50234375 0.01875 0.02421875
1 0.3359375 0.359375 0.034375 0.0546875
0 0.640625 0.3046875 0.0203125 0.03671875
4 0.67734375 0.63046875 0.01875 0.028125
4 0.6375 0.6125 0.0234375 0.028125
0 0.6609375 0.3125 0.01796875 0.0390625