6 0.45703125 0.625 0.1765625 0.7484375
5 0.453125 0.57421875 0.121875 0.29140625
3 0.453125 0.33515625 0.04609375 0.05625
4 0.48984375 0.978125 0.0359375 0.040625
2 0.38515625 0.421875 0.03359375 0.0734375
2 0.525 0.42421875 0.03046875 0.0640625
4 0.42890625 0.9890625 0.03203125 0.02109375
6 0.48125 0.31953125 0.0359375 0.1921875
5 0.48203125 0.2921875 0.0296875 0.08125
3 0.48046875 0.2296875 0.01328125 0.01015625
4 0.48359375 0.41171875 0.01015625 0.00859375
2 0.496875 0.33359375 0.00546875 0.01953125