6 0.44296875 0.453125 0.0796875 0.38359375
8 0.35 0.36171875 0.06328125 0.153125
5 0.44609375 0.396875 0.0640625 0.1484375
6 0.246875 0.425 0.07109375 0.371875
6 0.346875 0.4203125 0.0875 0.3921875
1 0.3484375 0.24296875 0.0328125 0.03671875
4 0.415625 0.609375 0.03125 0.025
3 0.44375 0.278125 0.0234375 0.025
7 0.246875 0.58046875 0.03359375 0.028125
2 0.2703125 0.4265625 0.0140625 0.034375
4 0.4484375 0.61796875 0.015625 0.0296875
2 0.23359375 0.44375 0.0140625 0.0453125
7 0.3234375 0.57421875 0.02578125 0.028125
2 0.4609375 0.478125 0.01328125 0.0265625
3 0.2546875 0.2515625 0.0234375 0.025
2 0.41953125 0.46328125 0.0109375 0.025
0 0.30234375 0.36484375 0.0171875 0.01875
5 0.246875 0.35625 0.0640625 0.1484375
7 0.34921875 0.5828125 0.02265625 0.0328125