3 0.44140625 0.2453125 0.0203125 0.02734375
2 0.409375 0.4265625 0.00859375 0.03046875
6 0.621875 0.52421875 0.08203125 0.484375
6 0.43984375 0.409375 0.0671875 0.35625
4 0.42265625 0.56953125 0.0140625 0.021875
3 0.6203125 0.30546875 0.0296875 0.03984375
4 0.59609375 0.740625 0.021875 0.034375
2 0.653125 0.55625 0.0140625 0.04609375
2 0.58125 0.55703125 0.0125 0.04140625
2 0.4640625 0.425 0.009375 0.02890625
4 0.453125 0.56875 0.0140625 0.02265625
5 0.44140625 0.35546875 0.05078125 0.125
5 0.61953125 0.45234375 0.06640625 0.165625
4 0.61953125 0.74453125 0.01796875 0.0375