8 0.49140625 0.46640625 0.0859375 0.21328125
6 0.484375 0.53046875 0.1109375 0.5078125
6 0.640625 0.5375 0.1015625 0.478125
5 0.79375 0.575 0.07421875 0.2078125
6 0.78359375 0.6734375 0.10625 0.5765625
5 0.646875 0.471875 0.0765625 0.20625
1 0.4984375 0.3125 0.0359375 0.04921875
3 0.79453125 0.409375 0.0375 0.04375
3 0.66015625 0.33046875 0.0296875 0.053125
7 0.6078125 0.7375 0.03515625 0.0421875
2 0.778125 0.6875 0.01796875 0.028125
7 0.496875 0.7453125 0.025 0.04140625
2 0.440625 0.55078125 0.0171875 0.0390625
7 0.4609375 0.74453125 0.01796875 0.0375
2 0.6765625 0.55859375 0.01328125 0.03359375
7 0.634375 0.7375 0.0203125 0.03671875
2 0.6 0.54375 0.0109375 0.03359375
4 0.75078125 0.88125 0.0359375 0.03203125
4 0.74453125 0.85 0.02734375 0.02734375