5 0.6390625 0.49140625 0.09296875 0.20625
5 0.453125 0.4625 0.09140625 0.2296875
3 0.4390625 0.29375 0.0328125 0.06015625
4 0.6125 0.8359375 0.02578125 0.04296875
4 0.459375 0.79453125 0.01875 0.03203125
4 0.64140625 0.840625 0.01796875 0.04375
4 0.4328125 0.80625 0.03046875 0.034375
3 0.6390625 0.33046875 0.0328125 0.04921875
2 0.38203125 0.50546875 0.0265625 0.04140625
2 0.54140625 0.575 0.03125 0.05
2 0.7265625 0.590625 0.03046875 0.0515625
6 0.63125 0.5890625 0.221875 0.56171875
6 0.43515625 0.5421875 0.14296875 0.5703125