6 0.57890625 0.5203125 0.0828125 0.42734375
5 0.58515625 0.45078125 0.06875 0.1546875
8 0.29765625 0.42265625 0.0703125 0.190625
6 0.44453125 0.47890625 0.090625 0.43046875
5 0.45 0.4140625 0.06953125 0.15546875
6 0.296875 0.48046875 0.09375 0.46015625
1 0.30859375 0.2703125 0.04140625 0.04375
3 0.59375 0.325 0.028125 0.03203125
4 0.4140625 0.6640625 0.021875 0.03046875
7 0.3015625 0.68125 0.034375 0.0328125
4 0.45078125 0.67265625 0.01875 0.03125
2 0.40703125 0.49140625 0.0171875 0.04375
2 0.5578125 0.52890625 0.01484375 0.0328125
2 0.603125 0.5453125 0.0125 0.028125
3 0.46015625 0.28125 0.0296875 0.03828125
4 0.571875 0.70234375 0.02890625 0.03515625
2 0.334375 0.50625 0.01328125 0.040625
2 0.2578125 0.51484375 0.01484375 0.0375
7 0.275 0.68828125 0.01875 0.0375
2 0.48125 0.503125 0.0140625 0.04140625
4 0.55078125 0.70546875 0.028125 0.05078125