2 0.575 0.55390625 0.03046875 0.04296875
2 0.71015625 0.62734375 0.025 0.0578125
3 0.63046875 0.321875 0.04140625 0.0265625
3 0.4484375 0.2828125 0.03125 0.03671875
2 0.5140625 0.50625 0.02421875 0.04140625
2 0.38671875 0.4890625 0.01953125 0.0484375
5 0.44453125 0.46171875 0.08515625 0.1890625
5 0.6375 0.5 0.071875 0.19375
4 0.628125 0.85078125 0.03828125 0.040625
4 0.6125 0.82578125 0.0421875 0.0359375
4 0.46796875 0.80234375 0.02421875 0.03125
4 0.43046875 0.809375 0.02578125 0.03203125
6 0.64296875 0.58984375 0.1625 0.56953125
6 0.4515625 0.54609375 0.146875 0.565625