6 0.21796875 0.375 0.06796875 0.3203125
8 0.109375 0.346875 0.05859375 0.15
6 0.3515625 0.4359375 0.0796875 0.3796875
6 0.10859375 0.390625 0.08671875 0.35234375
5 0.21640625 0.321875 0.0484375 0.115625
4 0.11875 0.55 0.0203125 0.025
4 0.09765625 0.54765625 0.0140625 0.025
4 0.2234375 0.5125 0.0171875 0.01875
0 0.19140625 0.38203125 0.0109375 0.0328125
2 0.3578125 0.45625 0.0140625 0.02734375
0 0.0765625 0.41640625 0.015625 0.046875
0 0.2390625 0.37265625 0.0125 0.03125
4 0.3328125 0.584375 0.0328125 0.0234375
0 0.13828125 0.41015625 0.0125 0.046875
3 0.2296875 0.23046875 0.0171875 0.021875
3 0.3625 0.259375 0.028125 0.02265625
1 0.11484375 0.23671875 0.03203125 0.03359375
4 0.35078125 0.59765625 0.03125 0.0328125
5 0.36015625 0.38515625 0.0515625 0.1609375
4 0.209375 0.521875 0.01484375 0.01953125