8 0.43671875 0.409375 0.07421875 0.18515625
4 0.615625 0.984375 0.05 0.03125
3 0.69140625 0.41796875 0.04765625 0.07421875
2 0.63203125 0.76640625 0.01953125 0.04296875
4 0.41796875 0.6515625 0.0234375 0.021875
3 0.4546875 0.2859375 0.0296875 0.04296875
4 0.4 0.628125 0.01328125 0.03515625
2 0.38984375 0.47109375 0.01171875 0.03359375
4 0.646875 0.98203125 0.01328125 0.02890625
5 0.68125 0.61875 0.09375 0.2875
2 0.46015625 0.49609375 0.01328125 0.0421875
6 0.659375 0.68828125 0.146875 0.6234375
6 0.4296875 0.46015625 0.103125 0.4328125