4 0.428125 0.85078125 0.04375 0.03125
5 0.44765625 0.4875 0.08984375 0.24765625
6 0.63125 0.59140625 0.0875 0.56796875
3 0.4375 0.3015625 0.0375 0.06953125
3 0.6390625 0.33671875 0.0359375 0.05859375
4 0.609375 0.85703125 0.04375 0.034375
4 0.459375 0.83515625 0.01796875 0.0296875
5 0.63828125 0.5140625 0.07265625 0.21171875
4 0.6359375 0.8453125 0.01171875 0.02265625
2 0.415625 0.63515625 0.01875 0.0453125
2 0.47578125 0.59921875 0.01484375 0.04453125
2 0.596875 0.65 0.01796875 0.05078125
2 0.6578125 0.6234375 0.009375 0.03984375
6 0.446875 0.57265625 0.08515625 0.60078125