6 0.43984375 0.40625 0.06640625 0.3421875
6 0.5875 0.43125 0.0640625 0.328125
5 0.58671875 0.371875 0.0515625 0.125
5 0.44140625 0.3515625 0.0515625 0.11875
4 0.56640625 0.58046875 0.02109375 0.01875
3 0.57578125 0.28125 0.021875 0.025
2 0.465625 0.4125 0.01171875 0.0296875
3 0.4421875 0.246875 0.01953125 0.0234375
4 0.590625 0.58125 0.01171875 0.021875
4 0.44375 0.56171875 0.01328125 0.0203125
2 0.41015625 0.4171875 0.00859375 0.03046875
2 0.55625 0.43515625 0.009375 0.0203125
2 0.6140625 0.43828125 0.009375 0.0265625