8 0.29140625 0.4234375 0.06484375 0.2078125
1 0.315625 0.28828125 0.0421875 0.0578125
7 0.30625 0.68125 0.0390625 0.03046875
7 0.27890625 0.6984375 0.01953125 0.0328125
6 0.48359375 0.4734375 0.0859375 0.4203125
4 0.4609375 0.6515625 0.0203125 0.02890625
3 0.4921875 0.28046875 0.02734375 0.0265625
0 0.44375 0.4703125 0.01484375 0.0375
0 0.275 0.521875 0.01484375 0.05390625
4 0.490625 0.66484375 0.0171875 0.0296875
0 0.52109375 0.5 0.01640625 0.04765625
5 0.49296875 0.40703125 0.071875 0.1515625
0 0.32578125 0.50390625 0.0125 0.04296875
6 0.29921875 0.48984375 0.09375 0.45859375