5 0.35703125 0.440625 0.08984375 0.20859375
8 0.5484375 0.43515625 0.07109375 0.20078125
0 0.31953125 0.56171875 0.0140625 0.0484375
4 0.528125 0.69140625 0.01875 0.03203125
4 0.55703125 0.696875 0.0234375 0.03125
1 0.5515625 0.27734375 0.03359375 0.0453125
7 0.36328125 0.775 0.0203125 0.05625
0 0.51640625 0.51796875 0.0140625 0.05
1 0.346875 0.28515625 0.040625 0.05234375
0 0.578125 0.51484375 0.0171875 0.0515625
0 0.39765625 0.53671875 0.0203125 0.06796875
6 0.35859375 0.54453125 0.1046875 0.61640625
6 0.54921875 0.48046875 0.0875 0.50859375