6 0.609375 0.45 0.07890625 0.3796875
6 0.45546875 0.3640625 0.06328125 0.30078125
1 0.4625 0.234375 0.0203125 0.0265625
5 0.615625 0.3859375 0.0578125 0.14375
8 0.453125 0.31796875 0.03984375 0.11171875
3 0.6078125 0.28125 0.025 0.0328125
4 0.59453125 0.58984375 0.0328125 0.028125
0 0.56875 0.40859375 0.01875 0.034375
7 0.4703125 0.47265625 0.015625 0.02265625
7 0.434375 0.484375 0.0125 0.034375
0 0.484375 0.30234375 0.01328125 0.03125
0 0.6296875 0.4265625 0.01171875 0.03671875
4 0.61484375 0.6140625 0.01796875 0.03359375