6 0.30546875 0.48125 0.109375 0.4578125
1 0.3171875 0.275 0.034375 0.0453125
2 0.353125 0.5109375 0.01171875 0.040625
2 0.259375 0.5125 0.0171875 0.03125
7 0.2828125 0.684375 0.034375 0.03046875
7 0.315625 0.68984375 0.021875 0.03046875
8 0.3109375 0.421875 0.06796875 0.19296875
6 0.44140625 0.471875 0.0796875 0.42265625
3 0.45234375 0.27578125 0.02890625 0.02109375
2 0.40859375 0.496875 0.0125 0.0390625
2 0.47109375 0.4953125 0.01171875 0.034375
4 0.440625 0.6625 0.015625 0.021875
4 0.4203125 0.66875 0.025 0.028125
6 0.5859375 0.51875 0.075 0.41171875
2 0.5984375 0.5703125 0.015625 0.0359375
3 0.60859375 0.3296875 0.02890625 0.02265625
4 0.56953125 0.71171875 0.040625 0.0234375
4 0.5765625 0.68984375 0.015625 0.015625
5 0.58125 0.4640625 0.05 0.171875
5 0.44921875 0.40390625 0.0515625 0.15