5 0.459375 0.34453125 0.03125 0.13515625
6 0.61015625 0.478125 0.0703125 0.4203125
6 0.4546875 0.40390625 0.04296875 0.35078125
4 0.5953125 0.66953125 0.015625 0.03046875
3 0.6109375 0.28359375 0.0234375 0.03203125
3 0.44765625 0.24921875 0.0296875 0.03515625
4 0.6171875 0.66484375 0.02109375 0.0421875
4 0.45625 0.565625 0.0265625 0.0265625
4 0.446875 0.553125 0.02421875 0.015625
5 0.61015625 0.41171875 0.06328125 0.146875
2 0.578125 0.5046875 0.01328125 0.0390625
2 0.6375 0.50078125 0.01171875 0.0390625
2 0.440625 0.4015625 0.01484375 0.0265625
2 0.43984375 0.3796875 0.015625 0.0171875