6 0.61015625 0.48359375 0.07578125 0.4203125
6 0.4515625 0.403125 0.065625 0.3484375
4 0.5953125 0.678125 0.01484375 0.0296875
2 0.42421875 0.40390625 0.021875 0.01875
4 0.6140625 0.66796875 0.01953125 0.03515625
2 0.58046875 0.509375 0.01328125 0.04453125
2 0.63984375 0.515625 0.01171875 0.034375
3 0.6171875 0.28359375 0.0234375 0.01953125
3 0.45078125 0.23828125 0.025 0.0171875
5 0.459375 0.34921875 0.04140625 0.12421875
5 0.61328125 0.42109375 0.0578125 0.15859375
4 0.45078125 0.56640625 0.025 0.015625
4 0.46640625 0.55703125 0.00546875 0.01328125