2 0.43515625 0.5203125 0.01640625 0.0390625
2 0.540625 0.5515625 0.0140625 0.028125
2 0.61328125 0.55 0.01015625 0.0296875
4 0.54765625 0.70703125 0.02265625 0.03125
4 0.57734375 0.70703125 0.03359375 0.03671875
5 0.4359375 0.4125 0.046875 0.17578125
5 0.58515625 0.45859375 0.08125 0.14296875
4 0.43046875 0.678125 0.034375 0.02265625
4 0.40703125 0.66328125 0.01328125 0.01953125
7 0.2703125 0.69375 0.03203125 0.03671875
7 0.296875 0.6796875 0.0328125 0.03671875
2 0.2546875 0.52734375 0.0171875 0.04921875
2 0.315625 0.49609375 0.009375 0.03203125
8 0.28671875 0.42734375 0.06796875 0.19296875
1 0.2953125 0.27265625 0.0484375 0.05
3 0.45234375 0.271875 0.0375 0.03125
3 0.59921875 0.34296875 0.02734375 0.04296875
6 0.575 0.52734375 0.0984375 0.4171875
6 0.434375 0.4765625 0.0828125 0.4328125
6 0.2859375 0.4828125 0.08046875 0.45859375