6 0.3015625 0.48125 0.08125 0.4640625
1 0.30625 0.27421875 0.040625 0.04375
7 0.31171875 0.69140625 0.03828125 0.02890625
7 0.284375 0.6828125 0.0171875 0.0375
8 0.296875 0.41953125 0.0703125 0.18984375
2 0.33359375 0.525 0.0140625 0.03984375
6 0.446875 0.4734375 0.084375 0.42578125
3 0.4546875 0.27734375 0.0265625 0.0296875
4 0.4421875 0.6765625 0.01796875 0.01953125
4 0.4171875 0.66875 0.01953125 0.02421875
2 0.48203125 0.5 0.01015625 0.0328125
2 0.41015625 0.490625 0.009375 0.03828125
5 0.44921875 0.4015625 0.05859375 0.1484375
6 0.5875 0.53046875 0.0875 0.4234375
3 0.615625 0.3328125 0.0328125 0.02421875
2 0.5984375 0.540625 0.0078125 0.0203125
2 0.578125 0.565625 0.01796875 0.034375
4 0.56171875 0.715625 0.034375 0.03125
4 0.57734375 0.69765625 0.0265625 0.03046875
4 0.584375 0.465625 0.04765625 0.15625