1 0.49921875 0.21875 0.0171875 0.02421875
7 0.440625 0.34453125 0.0125 0.01328125
0 0.50078125 0.39609375 0.01875 0.015625
7 0.4328125 0.34453125 0.0109375 0.01328125
1 0.4359375 0.21640625 0.01171875 0.021875
0 0.50859375 0.325 0.0078125 0.01640625
0 0.43828125 0.2578125 0.01015625 0.01484375
0 0.43125 0.2421875 0.009375 0.01328125
6 0.43828125 0.28046875 0.02734375 0.16015625
6 0.503125 0.30703125 0.03515625 0.21015625
8 0.50390625 0.28203125 0.02734375 0.090625
5 0.440625 0.25234375 0.02734375 0.05859375