6 0.425 0.60625 0.11171875 0.6265625
4 0.54765625 0.7171875 0.0234375 0.0359375
4 0.40234375 0.89375 0.0234375 0.0625
5 0.534375 0.4265625 0.078125 0.184375
1 0.43203125 0.32890625 0.053125 0.0671875
1 0.54375 0.29375 0.03828125 0.06171875
0 0.4953125 0.49296875 0.015625 0.03828125
4 0.52890625 0.73359375 0.0421875 0.05
4 0.440625 0.89296875 0.04296875 0.071875
8 0.42421875 0.55234375 0.0890625 0.2984375
0 0.57421875 0.49921875 0.0234375 0.05703125
0 0.4703125 0.6859375 0.0234375 0.071875
6 0.54375 0.5203125 0.10703125 0.540625