6 0.7125 0.496875 0.07421875 0.4
4 0.7109375 0.67734375 0.03125 0.02421875
5 0.475 0.2765625 0.0375 0.07890625
5 0.715625 0.43046875 0.05390625 0.1578125
3 0.74140625 0.31640625 0.0296875 0.03671875
6 0.47578125 0.3125 0.0484375 0.21484375
2 0.6890625 0.51796875 0.0140625 0.03515625
4 0.48203125 0.40625 0.009375 0.0109375
4 0.46796875 0.409375 0.0109375 0.0109375
2 0.74296875 0.50703125 0.0109375 0.028125
3 0.475 0.21640625 0.01484375 0.01015625
2 0.453125 0.31171875 0.009375 0.0171875
2 0.50234375 0.3046875 0.009375 0.021875