3 0.62109375 0.321875 0.02890625 0.02578125
3 0.7671875 0.3953125 0.0453125 0.03984375
4 0.57421875 0.70390625 0.02578125 0.0375
4 0.61328125 0.7171875 0.02578125 0.03125
2 0.66875 0.53046875 0.01953125 0.03125
2 0.54765625 0.50234375 0.02109375 0.0421875
1 0.3234375 0.2828125 0.04296875 0.05625
7 0.2828125 0.6984375 0.028125 0.04609375
7 0.30859375 0.68515625 0.0296875 0.03671875
8 0.30625 0.421875 0.07265625 0.196875
5 0.7703125 0.5765625 0.07421875 0.17265625
2 0.33828125 0.503125 0.0140625 0.0375
2 0.71796875 0.62734375 0.02421875 0.040625
4 0.72265625 0.95 0.04375 0.05625
4 0.69453125 0.9390625 0.02734375 0.0296875
5 0.61875 0.446875 0.07265625 0.15546875
2 0.2953125 0.51796875 0.0203125 0.0390625
6 0.3125 0.48671875 0.1 0.478125
6 0.74921875 0.6609375 0.12421875 0.6203125
6 0.61015625 0.52265625 0.10390625 0.4421875