1 0.4515625 0.21015625 0.01953125 0.0203125
6 0.51640625 0.3203125 0.04296875 0.225
1 0.515625 0.2265625 0.01875 0.021875
6 0.4546875 0.31328125 0.06171875 0.2328125
0 0.44453125 0.315625 0.00703125 0.01875
5 0.45390625 0.275 0.02421875 0.0875
8 0.51640625 0.2921875 0.03203125 0.08203125
4 0.51328125 0.41953125 0.0125 0.01796875
4 0.5265625 0.42109375 0.01328125 0.02109375
7 0.45234375 0.403125 0.02109375 0.02265625
7 0.44609375 0.39453125 0.0125 0.0109375
0 0.5328125 0.3359375 0.00859375 0.03046875
0 0.50625 0.33984375 0.00859375 0.02734375