5 0.596875 0.38984375 0.06953125 0.1421875
6 0.46015625 0.40546875 0.06875 0.346875
4 0.603125 0.62734375 0.0171875 0.0265625
4 0.58671875 0.6265625 0.0140625 0.02578125
4 0.45 0.55546875 0.02109375 0.01953125
3 0.59921875 0.275 0.01953125 0.028125
3 0.46015625 0.24296875 0.0234375 0.02734375
2 0.49296875 0.42109375 0.01328125 0.03984375
2 0.42890625 0.40703125 0.01171875 0.03359375
2 0.5390625 0.46484375 0.0140625 0.03125
2 0.659375 0.453125 0.01328125 0.03125
5 0.4640625 0.35 0.0515625 0.121875
6 0.59609375 0.44453125 0.134375 0.38828125
4 0.47109375 0.5625 0.0125 0.0234375