5 0.4890625 0.275 0.03515625 0.071875
4 0.69921875 0.69375 0.03125 0.03125
6 0.48671875 0.31796875 0.0578125 0.23671875
6 0.7171875 0.521875 0.115625 0.384375
5 0.70703125 0.42421875 0.06953125 0.1171875
4 0.4828125 0.4140625 0.009375 0.01953125
2 0.66796875 0.4828125 0.0109375 0.040625
3 0.4921875 0.21875 0.0125 0.01796875
3 0.7515625 0.36171875 0.021875 0.0421875
2 0.7671875 0.5015625 0.00859375 0.025
2 0.44453125 0.21328125 0.01328125 0.0203125
2 0.534375 0.20625 0.0109375 0.01875
4 0.4921875 0.4203125 0.009375 0.009375