8 0.296875 0.428125 0.08046875 0.2
6 0.29375 0.4890625 0.1171875 0.465625
6 0.646875 0.64140625 0.12890625 0.575
5 0.66640625 0.5515625 0.06875 0.21796875
1 0.30625 0.28046875 0.03671875 0.046875
3 0.6515625 0.37890625 0.040625 0.0421875
4 0.303125 0.69921875 0.03515625 0.0234375
4 0.25078125 0.67890625 0.028125 0.0265625
4 0.6109375 0.890625 0.053125 0.040625
0 0.2484375 0.503125 0.01875 0.0578125
4 0.20390625 0.51171875 0.0203125 0.028125
4 0.61015625 0.84921875 0.0265625 0.02890625
4 0.18046875 0.515625 0.0140625 0.02890625
6 0.19375 0.36875 0.06953125 0.3453125
0 0.21015625 0.3484375 0.0125 0.028125
5 0.2 0.32578125 0.05234375 0.13125
3 0.2046875 0.21640625 0.0234375 0.0234375