8 0.52421875 0.4765625 0.075 0.2109375
6 0.51640625 0.5375 0.103125 0.496875
6 0.64765625 0.5453125 0.0984375 0.46328125
6 0.7859375 0.6453125 0.11171875 0.52109375
5 0.7953125 0.575 0.08046875 0.19453125
1 0.52890625 0.321875 0.0421875 0.053125
5 0.65859375 0.48046875 0.0703125 0.196875
3 0.80703125 0.40859375 0.0375 0.04375
3 0.67265625 0.33203125 0.02890625 0.0421875
7 0.6203125 0.74375 0.0453125 0.04140625
4 0.7546875 0.88046875 0.04453125 0.0328125
2 0.78671875 0.69375 0.0171875 0.034375
7 0.48984375 0.75625 0.04375 0.03671875
2 0.6109375 0.55625 0.01328125 0.03515625
2 0.48984375 0.590625 0.0203125 0.02265625
2 0.67421875 0.57265625 0.0140625 0.03671875
4 0.7453125 0.85234375 0.028125 0.0296875