6 0.6234375 0.5078125 0.090625 0.4109375
6 0.13984375 0.39375 0.06484375 0.34609375
5 0.14140625 0.34375 0.046875 0.121875
7 0.6 0.66171875 0.034375 0.03515625
5 0.62578125 0.43125 0.0578125 0.14765625
3 0.646875 0.32109375 0.02890625 0.03359375
4 0.63203125 0.6859375 0.0234375 0.0265625
0 0.5953125 0.51640625 0.0171875 0.05078125
4 0.1421875 0.5375 0.0203125 0.028125
3 0.140625 0.234375 0.01953125 0.0203125
2 0.12734375 0.33515625 0.0109375 0.02265625
2 0.1578125 0.32890625 0.0125 0.02109375
4 0.12578125 0.54296875 0.01796875 0.03515625
2 0.659375 0.42890625 0.021875 0.03125