4 0.521875 0.77578125 0.0328125 0.0265625
4 0.5453125 0.79296875 0.02109375 0.040625
6 0.5546875 0.565625 0.2515625 0.49921875
2 0.44296875 0.46796875 0.02265625 0.02578125
3 0.56953125 0.34140625 0.02890625 0.0390625
2 0.66484375 0.5578125 0.025 0.03984375
5 0.55703125 0.49296875 0.0765625 0.18125
6 0.73046875 0.40625 0.06171875 0.18671875
4 0.71328125 0.471875 0.0140625 0.0140625
3 0.74765625 0.3265625 0.0125 0.02265625
5 0.74375 0.371875 0.025 0.0609375
2 0.73828125 0.34375 0.0078125 0.01328125