6 0.578125 0.553125 0.16875 0.63359375
6 0.24921875 0.52265625 0.07421875 0.26640625
8 0.56796875 0.49140625 0.0890625 0.240625
1 0.56875 0.3015625 0.0453125 0.0546875
4 0.54609375 0.81484375 0.02734375 0.04140625
4 0.58515625 0.81875 0.028125 0.046875
0 0.5328125 0.6046875 0.01875 0.05390625
5 0.24921875 0.43828125 0.0484375 0.0859375
7 0.2609375 0.62421875 0.02734375 0.04296875
0 0.6125 0.6015625 0.02734375 0.08046875
7 0.240625 0.60625 0.01953125 0.034375
1 0.215625 0.471875 0.02265625 0.04609375