4 0.53046875 0.71484375 0.03515625 0.02734375
6 0.58125 0.371875 0.040625 0.209375
4 0.57890625 0.45703125 0.01015625 0.0125
4 0.56796875 0.46875 0.01171875 0.01171875
3 0.5453125 0.32109375 0.02734375 0.0484375
4 0.46953125 0.68828125 0.01875 0.05234375
3 0.58671875 0.2859375 0.01328125 0.02421875
2 0.546875 0.509375 0.0109375 0.01796875
2 0.5421875 0.534375 0.01015625 0.04375
2 0.5953125 0.39765625 0.00625 0.0109375
5 0.5796875 0.34921875 0.03203125 0.090625
5 0.521875 0.4375 0.0515625 0.20078125
6 0.51015625 0.51328125 0.1046875 0.44453125