6 0.49375 0.45390625 0.071875 0.38984375
6 0.5578125 0.54609375 0.0578125 0.478125
6 0.4171875 0.52421875 0.1046875 0.4953125
5 0.5578125 0.459375 0.0546875 0.1765625
7 0.4359375 0.74296875 0.0375 0.0296875
1 0.4953125 0.28125 0.03203125 0.040625
7 0.4859375 0.634375 0.0375 0.0296875
3 0.4265625 0.296875 0.03125 0.034375
5 0.41640625 0.44765625 0.08125 0.203125
4 0.5234375 0.721875 0.040625 0.03125
2 0.46015625 0.5625 0.0140625 0.03515625
7 0.3859375 0.725 0.01796875 0.03671875
4 0.55546875 0.709375 0.0140625 0.025
7 0.471875 0.61171875 0.03359375 0.02890625