8 0.50078125 0.4765625 0.0765625 0.2234375
5 0.821875 0.5875 0.0703125 0.21328125
6 0.8046875 0.66015625 0.11328125 0.51875
6 0.50703125 0.54375 0.1015625 0.50625
1 0.5203125 0.31875 0.03984375 0.04765625
3 0.590625 0.30625 0.0296875 0.034375
3 0.8265625 0.42421875 0.0328125 0.0421875
2 0.553125 0.52265625 0.01484375 0.0328125
2 0.54609375 0.59140625 0.01328125 0.0328125
2 0.78828125 0.696875 0.0171875 0.0296875
4 0.7671875 0.890625 0.0484375 0.034375
5 0.565625 0.43125 0.0515625 0.165625
7 0.49140625 0.775 0.0453125 0.0296875
7 0.55703125 0.68671875 0.025 0.05078125
7 0.53671875 0.67109375 0.0125 0.0328125