5 0.58671875 0.3703125 0.0609375 0.1375
6 0.5828125 0.4375 0.075 0.38828125
6 0.4921875 0.32265625 0.04140625 0.2453125
8 0.4921875 0.28671875 0.0328125 0.09765625
4 0.565625 0.59140625 0.0234375 0.0265625
1 0.49921875 0.21796875 0.0171875 0.02578125
4 0.59140625 0.5953125 0.0171875 0.0265625
3 0.58671875 0.259375 0.0203125 0.02421875
0 0.61484375 0.4125 0.01875 0.034375
0 0.546875 0.40546875 0.0171875 0.0390625
0 0.52109375 0.28671875 0.01171875 0.0203125
0 0.46953125 0.284375 0.009375 0.01796875
7 0.503125 0.421875 0.01796875 0.01875
7 0.490625 0.425 0.01640625 0.01796875