8 0.396875 0.44375 0.07578125 0.209375
6 0.26171875 0.41875 0.0765625 0.346875
6 0.4 0.50703125 0.0953125 0.471875
6 0.6015625 0.5390625 0.09375 0.46171875
5 0.6078125 0.446875 0.0703125 0.15
3 0.621875 0.325 0.028125 0.03203125
7 0.39140625 0.715625 0.0375 0.02890625
2 0.61875 0.53046875 0.0140625 0.03203125
4 0.2453125 0.57265625 0.01484375 0.034375
7 0.36640625 0.69921875 0.01875 0.028125
4 0.58125 0.7390625 0.01875 0.0296875
5 0.2609375 0.365625 0.05859375 0.146875
2 0.246875 0.440625 0.0140625 0.021875
4 0.56484375 0.7 0.01640625 0.0375
4 0.26640625 0.56875 0.0265625 0.0234375
3 0.4046875 0.29140625 0.03203125 0.03359375
3 0.2734375 0.25390625 0.02421875 0.02734375