6 0.640625 0.44765625 0.0546875 0.36953125
5 0.6453125 0.39609375 0.0375 0.15078125
6 0.46171875 0.30234375 0.0375 0.1953125
5 0.46328125 0.27265625 0.028125 0.06875
4 0.63515625 0.61796875 0.03125 0.02265625
3 0.63828125 0.27421875 0.0265625 0.02421875
4 0.4671875 0.3921875 0.009375 0.0125
4 0.4546875 0.37890625 0.01015625 0.0125
4 0.62734375 0.603125 0.01953125 0.0171875
2 0.65703125 0.46484375 0.01171875 0.0234375
3 0.46015625 0.21796875 0.0140625 0.0109375
2 0.45 0.31171875 0.0078125 0.0140625
2 0.47734375 0.30546875 0.0078125 0.02421875