8 0.4609375 0.47265625 0.0734375 0.2234375
3 0.57890625 0.328125 0.046875 0.05390625
5 0.5484375 0.5078125 0.065625 0.24453125
6 0.4609375 0.553125 0.09296875 0.5125
6 0.5515625 0.603125 0.0984375 0.61328125
7 0.528125 0.8703125 0.05390625 0.053125
2 0.5328125 0.65234375 0.021875 0.05234375
1 0.490625 0.3125 0.03984375 0.0484375
7 0.47578125 0.76953125 0.040625 0.03828125
2 0.57421875 0.61484375 0.0171875 0.046875
2 0.484375 0.58046875 0.01484375 0.03984375
7 0.434375 0.72890625 0.03828125 0.0328125
7 0.55390625 0.8390625 0.02890625 0.04296875
2 0.975 0.590625 0.0203125 0.046875
4 0.9765625 0.6484375 0.046875 0.19765625
6 0.96015625 0.71640625 0.0796875 0.49375