3 0.62890625 0.28828125 0.0375 0.02734375
3 0.5015625 0.3953125 0.0265625 0.0484375
2 0.653125 0.4734375 0.02734375 0.02890625
2 0.45625 0.45859375 0.01484375 0.02421875
2 0.4703125 0.4484375 0.0140625 0.025
4 0.48125 0.56875 0.015625 0.03203125
4 0.45078125 0.5671875 0.015625 0.0296875
4 0.63125 0.67578125 0.0265625 0.02578125
4 0.6078125 0.64921875 0.03359375 0.0203125
5 0.63984375 0.415625 0.06328125 0.13984375
5 0.47578125 0.4 0.0546875 0.09921875
6 0.63984375 0.478125 0.09765625 0.428125
6 0.478125 0.46171875 0.075 0.27265625