6 0.3140625 0.48515625 0.0953125 0.478125
6 0.50390625 0.48984375 0.09921875 0.4328125
6 0.67578125 0.659375 0.13203125 0.575
1 0.32265625 0.27734375 0.04453125 0.04921875
0 0.35078125 0.5265625 0.01875 0.07734375
0 0.2828125 0.49453125 0.0171875 0.06015625
8 0.31328125 0.42734375 0.06796875 0.1890625
7 0.31171875 0.69453125 0.034375 0.03125
7 0.28515625 0.67421875 0.02734375 0.0359375
3 0.5171875 0.290625 0.028125 0.03046875
0 0.5359375 0.5125 0.02109375 0.04609375
0 0.46875 0.4921875 0.01875 0.04140625
5 0.51015625 0.42734375 0.0734375 0.175
4 0.47890625 0.67109375 0.02578125 0.02890625
4 0.50078125 0.68515625 0.0265625 0.028125
3 0.69609375 0.39453125 0.040625 0.0375
2 0.63125 0.6765625 0.015625 0.03671875
5 0.68515625 0.571875 0.10625 0.2296875
4 0.659375 0.92109375 0.0359375 0.046875
4 0.6203125 0.88515625 0.01953125 0.05