6 0.4546875 0.4578125 0.0765625 0.38046875
6 0.3640625 0.421875 0.08046875 0.3984375
8 0.3703125 0.36640625 0.059375 0.1578125
5 0.4625 0.41015625 0.0546875 0.1625
6 0.22265625 0.42265625 0.078125 0.3828125
1 0.37421875 0.24609375 0.0296875 0.0390625
7 0.24453125 0.58359375 0.034375 0.0265625
4 0.42265625 0.60625 0.03359375 0.02421875
4 0.44609375 0.621875 0.02109375 0.03203125
3 0.46171875 0.28359375 0.0265625 0.0265625
2 0.4640625 0.48671875 0.0140625 0.021875
7 0.21484375 0.59375 0.02109375 0.034375
2 0.215625 0.45390625 0.01328125 0.0453125
2 0.24453125 0.42578125 0.0125 0.0375
7 0.33984375 0.5890625 0.0203125 0.028125
0 0.396875 0.43125 0.0140625 0.04765625
7 0.36796875 0.5953125 0.0171875 0.028125
0 0.33671875 0.42421875 0.0140625 0.05
5 0.221875 0.36796875 0.0546875 0.1625
3 0.23046875 0.24765625 0.0265625 0.0265625