6 0.534375 0.4640625 0.0859375 0.34375
6 0.64921875 0.57421875 0.1078125 0.49375
5 0.659375 0.496875 0.0796875 0.22109375
5 0.53828125 0.41640625 0.0578125 0.15546875
3 0.54765625 0.31328125 0.01875 0.03125
4 0.615625 0.796875 0.0265625 0.03125
4 0.64609375 0.7953125 0.01640625 0.04140625
3 0.66796875 0.3515625 0.0328125 0.0515625
4 0.521875 0.62109375 0.01953125 0.0171875
2 0.671875 0.61953125 0.01171875 0.034375
2 0.5671875 0.49296875 0.01015625 0.015625
2 0.6109375 0.590625 0.0109375 0.03359375
2 0.49765625 0.465625 0.01171875 0.01875