6 0.70234375 0.69140625 0.115625 0.490625
8 0.709375 0.63671875 0.0875 0.21796875
6 0.459375 0.675 0.0984375 0.48828125
5 0.459375 0.61015625 0.071875 0.19375
7 0.4734375 0.87734375 0.03515625 0.0375
4 0.565625 0.76875 0.025 0.04296875
6 0.5609375 0.5765625 0.0859375 0.465625
5 0.5640625 0.5375 0.06875 0.171875
0 0.659375 0.7 0.02109375 0.07109375
3 0.46796875 0.46484375 0.0359375 0.046875
4 0.53515625 0.76796875 0.01484375 0.03984375
7 0.44140625 0.8828125 0.0171875 0.0390625
7 0.7015625 0.88828125 0.01953125 0.05859375
3 0.575 0.40390625 0.0328125 0.03515625
7 0.66796875 0.90625 0.03984375 0.0546875