5 0.3015625 0.48828125 0.07890625 0.2453125
6 0.3015625 0.56796875 0.109375 0.5671875
6 0.19140625 0.36484375 0.0875 0.32890625
4 0.3078125 0.8265625 0.0390625 0.0421875
5 0.1953125 0.31640625 0.0453125 0.1375
4 0.18359375 0.509375 0.01953125 0.021875
3 0.1953125 0.21875 0.02109375 0.02265625
3 0.33046875 0.3140625 0.034375 0.0390625
0 0.16015625 0.3671875 0.0203125 0.04375
0 0.228125 0.3625 0.0171875 0.0328125
2 0.328125 0.61171875 0.01484375 0.02265625
4 0.2984375 0.784375 0.04375 0.0203125
4 0.2046875 0.5015625 0.01875 0.021875