8 0.4484375 0.44921875 0.0703125 0.22109375
3 0.53828125 0.32890625 0.0375 0.0671875
6 0.45234375 0.53046875 0.0953125 0.503125
1 0.471875 0.30625 0.03984375 0.053125
6 0.9265625 0.6890625 0.0859375 0.50546875
2 0.515625 0.6515625 0.03046875 0.05234375
5 0.92734375 0.625 0.0671875 0.1890625
5 0.53828125 0.50546875 0.0640625 0.2578125
7 0.5234375 0.8578125 0.04921875 0.065625
2 0.909375 0.7359375 0.0171875 0.03125
2 0.484375 0.55546875 0.01875 0.03046875
6 0.52734375 0.59296875 0.08359375 0.603125
7 0.4796875 0.83125 0.03671875 0.0453125
7 0.44921875 0.75546875 0.04609375 0.04140625
3 0.9453125 0.4546875 0.03671875 0.0484375