3 0.51875 0.29453125 0.03828125 0.034375
3 0.6828125 0.375 0.0359375 0.0421875
1 0.31171875 0.271875 0.046875 0.05390625
5 0.52421875 0.4234375 0.06484375 0.153125
8 0.29921875 0.4203125 0.06875 0.190625
0 0.28359375 0.53515625 0.0234375 0.06875
0 0.328125 0.50078125 0.015625 0.05546875
7 0.2875 0.70625 0.0359375 0.0421875
7 0.30390625 0.6765625 0.0265625 0.03125
0 0.53828125 0.5203125 0.01953125 0.046875
0 0.48359375 0.48828125 0.01328125 0.0453125
4 0.50859375 0.68359375 0.01796875 0.03203125
4 0.47890625 0.671875 0.025 0.03046875
4 0.621875 0.8796875 0.05546875 0.053125
4 0.62109375 0.83515625 0.0203125 0.02890625
5 0.6875 0.53515625 0.0875 0.2109375