3 0.5875 0.31875 0.03046875 0.02578125
3 0.43671875 0.2828125 0.02890625 0.0359375
1 0.2921875 0.27734375 0.04140625 0.05234375
5 0.58515625 0.45 0.0484375 0.1609375
5 0.43515625 0.40546875 0.07890625 0.15859375
8 0.278125 0.4171875 0.07109375 0.20546875
2 0.5953125 0.53984375 0.01328125 0.04375
2 0.55859375 0.490625 0.0109375 0.03359375
2 0.4578125 0.50625 0.01015625 0.04296875
2 0.3875 0.48828125 0.0125 0.046875
2 0.315625 0.48671875 0.01328125 0.04140625
2 0.2328125 0.52109375 0.0171875 0.0453125
4 0.55859375 0.71328125 0.0390625 0.03359375
4 0.553125 0.696875 0.028125 0.02421875
4 0.43359375 0.6703125 0.01875 0.03203125
4 0.39921875 0.66640625 0.0203125 0.03203125
7 0.29609375 0.67578125 0.0359375 0.03671875
7 0.2609375 0.684375 0.0203125 0.05
6 0.5734375 0.5171875 0.07109375 0.42265625
6 0.42890625 0.478125 0.09453125 0.4296875
6 0.27265625 0.48046875 0.09921875 0.45859375