6 0.52421875 0.33671875 0.05 0.24765625
6 0.46328125 0.31640625 0.0515625 0.221875
1 0.5296875 0.228125 0.0203125 0.0234375
1 0.4578125 0.2125 0.0203125 0.021875
7 0.45 0.39921875 0.01640625 0.02421875
7 0.46328125 0.396875 0.01484375 0.025
4 0.50859375 0.43359375 0.01796875 0.0234375
4 0.53046875 0.43203125 0.015625 0.021875
8 0.52734375 0.30078125 0.03984375 0.09453125
5 0.45703125 0.2765625 0.03515625 0.08046875
0 0.44140625 0.31640625 0.01015625 0.025
0 0.46796875 0.315625 0.0109375 0.02578125
0 0.5140625 0.33828125 0.01171875 0.0296875
0 0.540625 0.34609375 0.00859375 0.0265625