6 0.5703125 0.50625 0.08515625 0.41171875
8 0.4984375 0.484375 0.0671875 0.23828125
6 0.2171875 0.440625 0.071875 0.403125
1 0.503125 0.29921875 0.04609375 0.05625
5 0.5828125 0.43046875 0.04453125 0.12890625
7 0.4671875 0.79375 0.05390625 0.04140625
6 0.490625 0.54921875 0.09375 0.56484375
3 0.57734375 0.321875 0.0296875 0.03359375
7 0.203125 0.62265625 0.0265625 0.0390625
2 0.2140625 0.4640625 0.0171875 0.04375
7 0.459375 0.75703125 0.02265625 0.03125
4 0.515625 0.65625 0.0296875 0.0359375
5 0.2171875 0.371875 0.05 0.153125
4 0.57734375 0.68671875 0.02734375 0.03125
7 0.22734375 0.6015625 0.03125 0.03125
2 0.2375 0.44921875 0.0109375 0.03359375
0 0.4734375 0.58671875 0.0296875 0.0640625
0 0.45078125 0.45078125 0.0296875 0.0640625
3 0.2265625 0.24453125 0.02734375 0.03125