6 0.5015625 0.3109375 0.0375 0.2203125
7 0.440625 0.34453125 0.01171875 0.0125
8 0.503125 0.28125 0.03203125 0.0890625
1 0.50703125 0.21953125 0.0171875 0.021875
1 0.43984375 0.20859375 0.0125 0.0203125
4 0.49140625 0.39375 0.00859375 0.01875
4 0.50390625 0.39453125 0.0125 0.01484375
7 0.43046875 0.34609375 0.01015625 0.01328125
0 0.42890625 0.24296875 0.00703125 0.0171875
0 0.44140625 0.24609375 0.0078125 0.0171875
6 0.440625 0.2703125 0.03203125 0.18046875
5 0.43984375 0.2484375 0.02421875 0.059375
0 0.51328125 0.3203125 0.0078125 0.0265625
0 0.48828125 0.31484375 0.00625 0.01875