6 0.628125 0.56875 0.10703125 0.446875
8 0.1640625 0.38671875 0.07734375 0.178125
3 0.621875 0.365625 0.03203125 0.0375
6 0.2515625 0.390625 0.06875 0.35
6 0.1640625 0.440625 0.090625 0.4265625
4 0.59375 0.76640625 0.04375 0.0296875
7 0.1765625 0.621875 0.028125 0.03203125
5 0.64609375 0.50390625 0.0671875 0.19296875
7 0.153125 0.634375 0.01953125 0.0359375
2 0.20625 0.45859375 0.0125 0.03125
7 0.2296875 0.540625 0.01875 0.0296875
7 0.2484375 0.53515625 0.021875 0.0265625
2 0.27578125 0.39453125 0.009375 0.02890625
2 0.2125 0.38984375 0.00859375 0.02734375
5 0.24609375 0.33046875 0.05234375 0.11640625
3 0.25234375 0.22109375 0.01796875 0.021875
1 0.1703125 0.24375 0.034375 0.0421875
4 0.6234375 0.75546875 0.0203125 0.025