4 0.61484375 0.69765625 0.03125 0.025
6 0.5828125 0.3578125 0.03515625 0.17890625
4 0.64140625 0.6765625 0.01796875 0.028125
4 0.56953125 0.43046875 0.0078125 0.0171875
6 0.6421875 0.509375 0.0859375 0.39609375
4 0.578125 0.440625 0.009375 0.01328125
3 0.58671875 0.28046875 0.0109375 0.01796875
3 0.66484375 0.3390625 0.0265625 0.040625
5 0.64765625 0.43359375 0.05625 0.159375
2 0.56796875 0.365625 0.00703125 0.0171875
2 0.67734375 0.44453125 0.0171875 0.02578125
5 0.58359375 0.33359375 0.02421875 0.075