3 0.41875 0.28671875 0.04453125 0.0453125
3 0.65 0.3171875 0.0390625 0.0328125
2 0.6984375 0.6296875 0.0375 0.05390625
2 0.5921875 0.53671875 0.01796875 0.0390625
2 0.43359375 0.5328125 0.021875 0.05625
2 0.371875 0.475 0.028125 0.040625
4 0.4453125 0.8015625 0.0390625 0.03984375
4 0.4171875 0.78203125 0.040625 0.0328125
4 0.6328125 0.8328125 0.0515625 0.0265625
4 0.625 0.8078125 0.04375 0.02421875
5 0.43203125 0.46171875 0.06484375 0.196875
5 0.63671875 0.48515625 0.07578125 0.20390625
6 0.64765625 0.58671875 0.1390625 0.58515625
6 0.41796875 0.54765625 0.1296875 0.56640625