6 0.62265625 0.446875 0.0921875 0.403125
6 0.42734375 0.459375 0.0828125 0.478125
1 0.4171875 0.25625 0.03515625 0.053125
1 0.63125 0.27109375 0.0328125 0.04140625
8 0.43203125 0.38828125 0.0546875 0.1828125
5 0.63515625 0.3890625 0.05625 0.16796875
7 0.41484375 0.6234375 0.0296875 0.0296875
4 0.628125 0.61875 0.03515625 0.02578125
0 0.4296875 0.46953125 0.0171875 0.04765625
7 0.428125 0.64921875 0.03671875 0.03203125
0 0.40078125 0.4484375 0.01484375 0.03359375
0 0.578125 0.4125 0.01640625 0.04453125