6 0.2796875 0.55 0.215625 0.546875
5 0.2796875 0.45859375 0.0828125 0.2125
6 0.5921875 0.38046875 0.05 0.2234375
5 0.59609375 0.34140625 0.0375 0.08671875
2 0.37109375 0.42109375 0.02734375 0.04140625
4 0.278125 0.79375 0.0265625 0.0421875
3 0.26875 0.29921875 0.0375 0.04453125
2 0.17109375 0.35078125 0.0265625 0.03125
4 0.58203125 0.4734375 0.0109375 0.021875
3 0.60078125 0.28046875 0.0140625 0.0171875
4 0.2546875 0.771875 0.03984375 0.06015625
2 0.61171875 0.39375 0.00859375 0.028125
2 0.57109375 0.38203125 0.0078125 0.021875