6 0.48515625 0.53203125 0.10625 0.5125
6 0.809375 0.66640625 0.11875 0.5453125
8 0.490625 0.465625 0.0796875 0.22109375
5 0.81796875 0.5875 0.0953125 0.2046875
6 0.33984375 0.66015625 0.1640625 0.67734375
1 0.49296875 0.30703125 0.03828125 0.0453125
3 0.83359375 0.41875 0.03125 0.040625
4 0.76171875 0.875 0.03125 0.03671875
2 0.5078125 0.57265625 0.01796875 0.0453125
2 0.29375 0.68046875 0.01796875 0.03515625
2 0.8328125 0.7078125 0.0171875 0.02890625
4 0.459375 0.728125 0.03984375 0.03359375
2 0.7734375 0.684375 0.0140625 0.02890625
4 0.4875 0.75625 0.01875 0.03515625
2 0.38828125 0.66640625 0.01796875 0.02421875
5 0.340625 0.5328125 0.11171875 0.26796875
3 0.33671875 0.3109375 0.04921875 0.05703125
4 0.79375 0.8875 0.0171875 0.05703125