6 0.4703125 0.66640625 0.090625 0.490625
6 0.55625 0.59765625 0.1 0.41484375
8 0.72421875 0.646875 0.0796875 0.2140625
6 0.71484375 0.721875 0.11484375 0.5234375
1 0.71015625 0.5015625 0.046875 0.06484375
7 0.48046875 0.8578125 0.0359375 0.03828125
4 0.565625 0.76796875 0.02578125 0.0421875
5 0.5578125 0.540625 0.075 0.15625
4 0.53515625 0.76796875 0.01875 0.04140625
2 0.5484375 0.59921875 0.021875 0.03828125
2 0.584375 0.61796875 0.0125 0.03046875
7 0.4546875 0.87578125 0.0328125 0.0546875
7 0.66640625 0.90234375 0.040625 0.05390625
7 0.7015625 0.940625 0.03203125 0.05703125
3 0.56171875 0.4234375 0.0296875 0.03671875
3 0.48203125 0.4421875 0.03515625 0.03046875
5 0.46953125 0.58671875 0.075 0.15625