1 0.51640625 0.225 0.0171875 0.0234375
5 0.4515625 0.27109375 0.03203125 0.07578125
8 0.5140625 0.29375 0.0328125 0.08671875
0 0.43828125 0.31328125 0.00625 0.02421875
4 0.52109375 0.4140625 0.0125 0.01796875
4 0.5109375 0.41328125 0.00859375 0.01640625
7 0.44765625 0.40078125 0.01875 0.015625
0 0.50234375 0.3375 0.00703125 0.01796875
0 0.46484375 0.31328125 0.0078125 0.0265625
1 0.45 0.21015625 0.021875 0.01640625
0 0.53203125 0.33125 0.0078125 0.02890625
6 0.4484375 0.30390625 0.04296875 0.234375
6 0.5171875 0.3125 0.04609375 0.23359375