6 0.4828125 0.496875 0.09296875 0.428125
6 0.33046875 0.40078125 0.0953125 0.3703125
8 0.31640625 0.34375 0.0578125 0.146875
5 0.48828125 0.43125 0.0546875 0.1734375
1 0.31875 0.2328125 0.0265625 0.03203125
7 0.28984375 0.55 0.0234375 0.0296875
4 0.45078125 0.68359375 0.0390625 0.028125
7 0.32109375 0.55625 0.01796875 0.0328125
0 0.37109375 0.353125 0.01484375 0.034375
2 0.46640625 0.51015625 0.0109375 0.0234375
7 0.25703125 0.62109375 0.015625 0.02734375
3 0.48984375 0.3 0.0328125 0.03203125
4 0.48125 0.6828125 0.021875 0.0296875
8 0.26171875 0.378125 0.0609375 0.165625
2 0.2265625 0.46328125 0.0109375 0.034375
2 0.2921875 0.43359375 0.01328125 0.02734375
3 0.26015625 0.253125 0.025 0.03046875