6 0.37890625 0.5234375 0.1015625 0.49375
5 0.378125 0.44921875 0.0796875 0.2046875
6 0.528125 0.5125 0.0859375 0.4890625
8 0.46640625 0.4234375 0.065625 0.1875
7 0.471875 0.67734375 0.02890625 0.03515625
1 0.4828125 0.303125 0.0359375 0.0640625
7 0.40234375 0.7375 0.03203125 0.03515625
4 0.49921875 0.73515625 0.04375 0.03125
5 0.52890625 0.459375 0.0640625 0.184375
7 0.4359375 0.68046875 0.0171875 0.03515625
3 0.3875 0.296875 0.0328125 0.034375
7 0.35859375 0.7375 0.0203125 0.028125
2 0.46875 0.503125 0.0140625 0.02890625
4 0.4953125 0.70703125 0.0265625 0.025