6 0.3828125 0.475 0.08515625 0.4515625
8 0.50078125 0.47890625 0.08125 0.23203125
5 0.825 0.59453125 0.071875 0.1890625
6 0.5015625 0.5453125 0.109375 0.50625
6 0.8140625 0.6828125 0.1046875 0.546875
5 0.3828125 0.39921875 0.0578125 0.1953125
1 0.52109375 0.3203125 0.0421875 0.04609375
3 0.82265625 0.4328125 0.0359375 0.04375
3 0.409375 0.27109375 0.03125 0.034375
7 0.4921875 0.775 0.0453125 0.028125
2 0.7953125 0.69140625 0.015625 0.0296875
7 0.3734375 0.6765625 0.04453125 0.0328125
7 0.4625 0.74296875 0.01875 0.0328125
2 0.41015625 0.5140625 0.015625 0.034375
4 0.7859375 0.9203125 0.040625 0.040625
4 0.76640625 0.87578125 0.040625 0.0296875
7 0.3890625 0.6453125 0.0140625 0.0296875