8 0.30078125 0.425 0.0703125 0.203125
6 0.48671875 0.5 0.0953125 0.4484375
6 0.659375 0.64296875 0.11640625 0.55703125
6 0.303125 0.49140625 0.09609375 0.475
5 0.66953125 0.55 0.0953125 0.221875
5 0.496875 0.42890625 0.06953125 0.165625
1 0.31953125 0.27890625 0.0390625 0.046875
0 0.471875 0.4546875 0.0265625 0.034375
3 0.6703125 0.3828125 0.0375 0.03125
4 0.4671875 0.67421875 0.03125 0.02734375
7 0.2890625 0.70234375 0.03359375 0.0375
4 0.634375 0.884375 0.053125 0.040625
4 0.496875 0.6875 0.01796875 0.034375
3 0.4921875 0.29140625 0.0328125 0.028125
4 0.62421875 0.8375 0.028125 0.040625
0 0.32734375 0.34375 0.0171875 0.0296875
2 0.66171875 0.403125 0.01875 0.0265625
7 0.30625 0.67578125 0.0328125 0.0296875