8 0.50625 0.28671875 0.03203125 0.0859375
1 0.50703125 0.221875 0.01640625 0.0203125
4 0.50859375 0.4015625 0.01328125 0.0125
7 0.43515625 0.3453125 0.0171875 0.0140625
4 0.49296875 0.39921875 0.0125 0.01328125
0 0.4921875 0.3265625 0.00546875 0.0125
1 0.43828125 0.20390625 0.0125 0.02109375
0 0.52421875 0.32421875 0.01171875 0.03046875
5 0.43359375 0.253125 0.0171875 0.05390625
6 0.4359375 0.271875 0.03671875 0.1828125
0 0.4328125 0.196875 0.00625 0.02265625
6 0.50234375 0.30859375 0.034375 0.209375