6 0.45546875 0.4578125 0.078125 0.3765625
6 0.36640625 0.42265625 0.0765625 0.384375
8 0.36875 0.371875 0.0609375 0.165625
5 0.4640625 0.40703125 0.05625 0.15
6 0.23203125 0.4328125 0.0640625 0.384375
1 0.38671875 0.24921875 0.0265625 0.034375
4 0.42265625 0.60625 0.034375 0.02421875
7 0.228125 0.609375 0.03125 0.0296875
3 0.4625 0.28515625 0.028125 0.028125
4 0.446875 0.62109375 0.0203125 0.03125
2 0.4484375 0.46796875 0.0140625 0.02421875
2 0.24140625 0.46953125 0.0125 0.0375
0 0.3875 0.45 0.0140625 0.04921875
7 0.3671875 0.5953125 0.0375 0.02578125
5 0.228125 0.37421875 0.04375 0.15625
3 0.23828125 0.25078125 0.028125 0.0328125
7 0.246875 0.58984375 0.025 0.03046875