1 0.31953125 0.28359375 0.04296875 0.0515625
8 0.2953125 0.41953125 0.0671875 0.20546875
6 0.30625 0.4875 0.10390625 0.4625
7 0.28203125 0.7 0.03046875 0.03203125
6 0.42421875 0.4765625 0.08359375 0.4234375
0 0.43984375 0.4390625 0.02421875 0.02890625
3 0.4390625 0.27890625 0.0265625 0.0328125
0 0.46484375 0.47109375 0.025 0.04453125
0 0.34609375 0.4296875 0.025 0.034375
0 0.35625 0.4 0.0296875 0.01875
7 0.3109375 0.67890625 0.028125 0.03046875
4 0.434375 0.66015625 0.028125 0.0328125
4 0.39296875 0.6625 0.0234375 0.03515625
5 0.43203125 0.4046875 0.06796875 0.1421875