5 0.4640625 0.3484375 0.0625 0.1375
4 0.4703125 0.5640625 0.01015625 0.021875
4 0.60234375 0.61796875 0.0171875 0.02734375
5 0.6046875 0.3859375 0.0609375 0.14296875
4 0.58359375 0.61328125 0.02265625 0.02265625
4 0.44921875 0.55625 0.0171875 0.02421875
2 0.42578125 0.41953125 0.0078125 0.01953125
3 0.46171875 0.25234375 0.01796875 0.02890625
3 0.5984375 0.2796875 0.0390625 0.025
2 0.49296875 0.4203125 0.0125 0.03046875
2 0.6421875 0.4640625 0.009375 0.0328125
2 0.571875 0.46328125 0.01171875 0.0328125
6 0.6078125 0.453125 0.0765625 0.3765625
6 0.46015625 0.40625 0.078125 0.3421875