6 0.646875 0.4546875 0.08515625 0.409375
6 0.3875 0.4796875 0.096875 0.4703125
8 0.38828125 0.3984375 0.0578125 0.184375
1 0.36171875 0.275 0.0359375 0.05546875
1 0.65859375 0.26875 0.02734375 0.0390625
7 0.39453125 0.665625 0.0421875 0.0375
7 0.3828125 0.63515625 0.02890625 0.02734375
0 0.403125 0.4890625 0.02578125 0.03515625
0 0.63046875 0.29140625 0.02421875 0.03671875
4 0.63984375 0.609375 0.0328125 0.02578125
0 0.3578125 0.42890625 0.01640625 0.03203125
4 0.67578125 0.63046875 0.0203125 0.0359375
0 0.653125 0.29296875 0.0171875 0.0375