1 0.5578125 0.275 0.03671875 0.04453125
6 0.540625 0.48515625 0.07734375 0.46328125
6 0.3953125 0.52890625 0.10703125 0.565625
1 0.3890625 0.2734375 0.0421875 0.059375
7 0.375 0.78359375 0.0203125 0.0546875
0 0.34921875 0.56796875 0.01328125 0.0546875
0 0.42890625 0.553125 0.021875 0.071875
0 0.54296875 0.5234375 0.01875 0.05546875
7 0.4171875 0.7734375 0.03203125 0.06640625
4 0.55546875 0.68828125 0.0421875 0.034375
4 0.53046875 0.67265625 0.0109375 0.03203125
5 0.38984375 0.453125 0.09375 0.2234375
8 0.54296875 0.42421875 0.0640625 0.22109375