2 0.33984375 0.5015625 0.0109375 0.03984375
2 0.41015625 0.49609375 0.02109375 0.0390625
2 0.60234375 0.52734375 0.0140625 0.02734375
3 0.4625 0.28671875 0.0296875 0.03515625
4 0.540625 0.690625 0.02890625 0.0296875
4 0.5765625 0.7046875 0.01953125 0.0359375
4 0.41328125 0.665625 0.0234375 0.02890625
7 0.27578125 0.68984375 0.02109375 0.03984375
7 0.31015625 0.68125 0.0359375 0.0375
8 0.30859375 0.4234375 0.0671875 0.1875
5 0.45078125 0.40234375 0.0765625 0.13046875
5 0.5890625 0.44609375 0.078125 0.14609375
1 0.31953125 0.27578125 0.04375 0.04921875
2 0.28046875 0.50390625 0.0125 0.0421875
4 0.4515625 0.675 0.01875 0.03203125
2 0.47734375 0.50859375 0.02265625 0.0390625
3 0.5953125 0.321875 0.0265625 0.0328125
2 0.55625 0.5125 0.0109375 0.03046875
6 0.303125 0.47890625 0.096875 0.48203125
6 0.4421875 0.48046875 0.09921875 0.434375
6 0.57890625 0.5171875 0.103125 0.43203125