3 0.43046875 0.27109375 0.034375 0.03671875
3 0.6546875 0.3234375 0.0375 0.0421875
2 0.7484375 0.309375 0.01640625 0.0484375
2 0.51171875 0.4296875 0.01953125 0.034375
2 0.35546875 0.48359375 0.03125 0.04375
4 0.4265625 0.7734375 0.03671875 0.02734375
4 0.4546875 0.77109375 0.01875 0.03203125
4 0.6390625 0.83203125 0.04453125 0.02890625
5 0.43671875 0.44375 0.07265625 0.19609375
5 0.653125 0.48203125 0.06640625 0.16953125
6 0.42890625 0.51953125 0.1828125 0.54921875
6 0.6875 0.55859375 0.14375 0.584375