6 0.63359375 0.540625 0.10078125 0.50078125
4 0.43046875 0.7125 0.0265625 0.03125
4 0.4609375 0.67265625 0.01328125 0.0375
5 0.43828125 0.4140625 0.0890625 0.18828125
3 0.4265625 0.2765625 0.0265625 0.03828125
3 0.6390625 0.3171875 0.0296875 0.05
4 0.61171875 0.77265625 0.02578125 0.0328125
4 0.6359375 0.77109375 0.01796875 0.028125
5 0.6390625 0.46484375 0.08046875 0.17421875
6 0.43828125 0.490625 0.08671875 0.47265625
2 0.58984375 0.57421875 0.0109375 0.053125
2 0.67109375 0.56484375 0.0171875 0.05546875
2 0.4765625 0.5109375 0.015625 0.0296875
2 0.4 0.5171875 0.01015625 0.03515625