6 0.7234375 0.60859375 0.1046875 0.4734375
5 0.72109375 0.52890625 0.059375 0.1921875
6 0.95390625 0.703125 0.09140625 0.52109375
6 0.85390625 0.634375 0.1015625 0.453125
3 0.746875 0.4 0.03671875 0.04765625
3 0.871875 0.43125 0.03046875 0.04140625
5 0.8671875 0.55625 0.06796875 0.16953125
4 0.825 0.83046875 0.0265625 0.034375
4 0.80546875 0.8 0.0375 0.03203125
1 0.9875 0.471875 0.0234375 0.05703125
2 0.76875 0.4953125 0.025 0.04609375
7 0.69296875 0.8140625 0.04375 0.03671875
2 0.928125 0.64609375 0.025 0.0359375
5 0.9828125 0.6375 0.03203125 0.20625
7 0.709375 0.7875 0.02265625 0.02265625
7 0.93984375 0.94921875 0.04375 0.03671875