6 0.63359375 0.60078125 0.075 0.57421875
4 0.42890625 0.81796875 0.0265625 0.01953125
6 0.4421875 0.57109375 0.0671875 0.60390625
4 0.61484375 0.83671875 0.034375 0.021875
4 0.62109375 0.8609375 0.04296875 0.03515625
3 0.43125 0.303125 0.04296875 0.0640625
3 0.634375 0.32890625 0.0421875 0.04140625
4 0.44453125 0.853125 0.046875 0.0390625
5 0.4484375 0.4890625 0.065625 0.22734375
5 0.6421875 0.51484375 0.05859375 0.22578125
2 0.634375 0.65859375 0.02578125 0.0546875
2 0.44609375 0.62578125 0.01953125 0.06171875