1 0.45546875 0.21171875 0.01796875 0.02109375
1 0.5171875 0.23828125 0.02109375 0.02734375
6 0.5203125 0.3578125 0.0421875 0.26875
7 0.45703125 0.39921875 0.021875 0.015625
4 0.509375 0.46171875 0.01328125 0.01875
7 0.446875 0.4 0.01328125 0.0140625
0 0.5015625 0.37578125 0.00859375 0.0234375
5 0.45078125 0.27421875 0.03046875 0.07890625
0 0.53671875 0.3671875 0.00859375 0.03203125
4 0.5203125 0.478125 0.01484375 0.028125
6 0.45625 0.30234375 0.05546875 0.2140625
8 0.51953125 0.31953125 0.0453125 0.11015625