3 0.6125 0.28515625 0.0265625 0.02421875
3 0.446875 0.24140625 0.025 0.02578125
2 0.4328125 0.4359375 0.0140625 0.0328125
2 0.5765625 0.5390625 0.01484375 0.0359375
2 0.646875 0.54296875 0.01171875 0.034375
4 0.59375 0.7203125 0.02265625 0.0421875
4 0.6140625 0.70625 0.01953125 0.0328125
4 0.434375 0.57578125 0.02734375 0.021875
4 0.446875 0.5625 0.0203125 0.01328125
5 0.61640625 0.4453125 0.06953125 0.18203125
5 0.4375 0.3546875 0.03125 0.1203125
6 0.609375 0.50546875 0.0890625 0.49609375
6 0.44453125 0.4109375 0.06640625 0.396875