4 0.43828125 0.8515625 0.03125 0.04609375
4 0.49765625 0.86640625 0.02109375 0.0453125
3 0.50859375 0.3171875 0.0328125 0.04609375
6 0.503125 0.57578125 0.16328125 0.628125
3 0.596875 0.29921875 0.01640625 0.028125
8 0.4859375 0.50703125 0.1 0.25703125
6 0.6046875 0.4078125 0.0546875 0.24453125
2 0.4421875 0.29609375 0.03125 0.0640625
2 0.56875 0.33671875 0.04140625 0.06171875
4 0.58203125 0.5109375 0.01484375 0.0125
4 0.584375 0.51875 0.01796875 0.0171875
2 0.57421875 0.3875 0.01015625 0.02578125
5 0.59921875 0.365625 0.03828125 0.09765625