8 0.43359375 0.45078125 0.09296875 0.2296875
6 0.434375 0.5390625 0.115625 0.5890625
6 0.67578125 0.490625 0.1140625 0.33125
1 0.41875 0.27734375 0.04453125 0.059375
3 0.72421875 0.35390625 0.025 0.03515625
5 0.6890625 0.41171875 0.0734375 0.14140625
4 0.6890625 0.6296875 0.03203125 0.0390625
0 0.38671875 0.540625 0.0140625 0.04921875
0 0.4765625 0.5453125 0.01875 0.05390625
7 0.45625 0.7484375 0.0171875 0.0421875
7 0.434375 0.78046875 0.03125 0.0453125
4 0.63828125 0.6125 0.0171875 0.03515625
0 0.7125 0.49609375 0.01328125 0.04921875
0 0.65390625 0.4546875 0.01484375 0.046875