1 0.30859375 0.27421875 0.04609375 0.046875
2 0.2546875 0.52109375 0.01328125 0.03671875
2 0.3296875 0.50546875 0.015625 0.0359375
7 0.275 0.68984375 0.01953125 0.04140625
7 0.3015625 0.684375 0.0359375 0.03671875
8 0.2953125 0.42265625 0.065625 0.19453125
5 0.446875 0.41171875 0.07890625 0.15546875
5 0.5796875 0.44609375 0.078125 0.15078125
3 0.5828125 0.31640625 0.0328125 0.03203125
3 0.45625 0.27265625 0.03125 0.0359375
4 0.53984375 0.69765625 0.02578125 0.02734375
4 0.56796875 0.7078125 0.02109375 0.03515625
4 0.446875 0.671875 0.021875 0.02890625
4 0.4125 0.6671875 0.02109375 0.028125
2 0.47265625 0.50234375 0.01171875 0.03515625
2 0.4046875 0.49140625 0.0125 0.04296875
2 0.5421875 0.52890625 0.01015625 0.01796875
2 0.5984375 0.5359375 0.00859375 0.02109375
6 0.57109375 0.515625 0.0953125 0.4375
2 0.5921875 0.32265625 0.00546875 0.00078125
6 0.4390625 0.4703125 0.08828125 0.440625
6 0.29375 0.48046875 0.09375 0.45546875