3 0.58828125 0.32109375 0.02890625 0.0265625
3 0.43515625 0.28203125 0.028125 0.0390625
1 0.30390625 0.27421875 0.03984375 0.0484375
5 0.584375 0.45703125 0.0625 0.17421875
5 0.43359375 0.409375 0.0703125 0.153125
8 0.290625 0.421875 0.06953125 0.19296875
2 0.62890625 0.55234375 0.0140625 0.0484375
2 0.52890625 0.484375 0.0171875 0.03203125
2 0.4578125 0.50234375 0.0109375 0.0421875
2 0.38984375 0.4921875 0.0109375 0.046875
2 0.33515625 0.5 0.01875 0.0484375
2 0.23984375 0.51171875 0.01796875 0.0453125
4 0.5671875 0.715625 0.0296875 0.03984375
4 0.5515625 0.69609375 0.03125 0.03515625
4 0.43359375 0.6703125 0.01875 0.034375
4 0.4 0.665625 0.01953125 0.03515625
7 0.29765625 0.6734375 0.0359375 0.05234375
7 0.26171875 0.6828125 0.01875 0.0578125
6 0.57890625 0.52109375 0.11171875 0.42734375
6 0.42734375 0.4765625 0.08828125 0.428125
6 0.2875 0.4828125 0.11484375 0.4578125