6 0.4328125 0.4828125 0.09140625 0.4421875
8 0.29921875 0.425 0.071875 0.196875
5 0.4390625 0.40625 0.0734375 0.146875
6 0.303125 0.484375 0.0984375 0.478125
1 0.315625 0.2734375 0.04453125 0.046875
3 0.4453125 0.28046875 0.02734375 0.03125
4 0.40390625 0.66875 0.01953125 0.03125
4 0.45546875 0.67421875 0.0234375 0.0296875
7 0.28203125 0.7 0.0328125 0.03828125
0 0.39609375 0.484375 0.01640625 0.046875
0 0.46953125 0.4875 0.0125 0.04453125
7 0.3078125 0.67734375 0.03203125 0.028125
0 0.3328125 0.38046875 0.0234375 0.03203125