8 0.47890625 0.52578125 0.10390625 0.26875
3 0.4859375 0.3265625 0.03671875 0.07421875
3 0.690625 0.4265625 0.04140625 0.0765625
4 0.434375 0.871875 0.0375 0.04453125
4 0.46328125 0.85703125 0.01953125 0.034375
5 0.671875 0.62265625 0.121875 0.2859375
4 0.60625 0.98125 0.0328125 0.03671875
4 0.6421875 0.98984375 0.0203125 0.01796875
2 0.61015625 0.75859375 0.015625 0.03515625
2 0.51015625 0.63984375 0.01953125 0.05234375
2 0.41953125 0.628125 0.01875 0.0609375
2 0.42734375 0.65703125 0.00078125 0.00390625
6 0.66328125 0.68828125 0.1484375 0.62265625
6 0.46953125 0.590625 0.128125 0.63125