6 0.61640625 0.56171875 0.10390625 0.465625
6 0.2578125 0.39921875 0.065625 0.35078125
6 0.1765625 0.45 0.06875 0.434375
5 0.63203125 0.49140625 0.0671875 0.1875
8 0.1796875 0.396875 0.05859375 0.190625
5 0.25859375 0.33359375 0.05078125 0.125
3 0.62421875 0.3484375 0.0328125 0.040625
4 0.59453125 0.76875 0.04296875 0.0328125
1 0.1734375 0.2515625 0.034375 0.04375
2 0.165625 0.490625 0.0171875 0.03203125
7 0.17890625 0.646875 0.0296875 0.0375
7 0.23515625 0.5375 0.0296875 0.03203125
2 0.27109375 0.403125 0.0125 0.0375
7 0.253125 0.55 0.02265625 0.0328125
3 0.25546875 0.2234375 0.0234375 0.025
4 0.62421875 0.7484375 0.01953125 0.03046875