6 0.63359375 0.48671875 0.084375 0.40703125
6 0.5046875 0.453125 0.0671875 0.4109375
2 0.5296875 0.4421875 0.0109375 0.0234375
4 0.6078125 0.65078125 0.03203125 0.01875
5 0.49140625 0.38515625 0.0421875 0.159375
2 0.63046875 0.43515625 0.02265625 0.040625
4 0.49140625 0.61484375 0.0234375 0.021875
4 0.4765625 0.60546875 0.00546875 0.01875
4 0.4953125 0.64140625 0.03203125 0.02421875
5 0.6375 0.41875 0.05 0.140625
3 0.62578125 0.29453125 0.03046875 0.0296875
3 0.5015625 0.2640625 0.0265625 0.02890625
2 0.53125 0.415625 0.0109375 0.028125
4 0.6359375 0.67421875 0.0234375 0.028125