4 0.6046875 0.6421875 0.0171875 0.0296875
4 0.4640625 0.56328125 0.0125 0.01875
5 0.4515625 0.3453125 0.0625 0.1359375
5 0.6046875 0.40546875 0.0703125 0.1671875
4 0.58515625 0.6390625 0.01640625 0.028125
4 0.44296875 0.55703125 0.01796875 0.021875
2 0.41875 0.39921875 0.02421875 0.0421875
3 0.45078125 0.24609375 0.01953125 0.02890625
3 0.60546875 0.27578125 0.03046875 0.02109375
2 0.48671875 0.4109375 0.0140625 0.03515625
2 0.55859375 0.4890625 0.0171875 0.03203125
2 0.6640625 0.46953125 0.021875 0.02109375
2 0.45 0.4078125 0.08046875 0.35078125
2 0.6109375 0.46015625 0.12109375 0.39296875