6 0.559375 0.66328125 0.15625 0.671875
8 0.4453125 0.44921875 0.07421875 0.203125
6 0.8375 0.69921875 0.1125 0.56875
3 0.590625 0.35625 0.04765625 0.053125
1 0.45625 0.29765625 0.040625 0.046875
3 0.846875 0.4375 0.03828125 0.040625
5 0.58203125 0.52734375 0.1046875 0.2078125
5 0.85 0.61015625 0.075 0.1859375
2 0.84296875 0.721875 0.0171875 0.03046875
2 0.4984375 0.6890625 0.01796875 0.0484375
2 0.5046875 0.5296875 0.01484375 0.03125
7 0.5453125 0.96015625 0.028125 0.071875
2 0.41796875 0.54375 0.0171875 0.04609375
7 0.4921875 0.98203125 0.04453125 0.0328125
2 0.57578125 0.596875 0.03359375 0.0546875
4 0.796875 0.8984375 0.04375 0.03671875
4 0.7828125 0.8640625 0.03046875 0.03125
7 0.42109375 0.71328125 0.0328125 0.0421875
7 0.4609375 0.721875 0.03671875 0.04375