3 0.425 0.28359375 0.03359375 0.040625
3 0.59375 0.34453125 0.05859375 0.03984375
5 0.4203125 0.4546875 0.0953125 0.215625
5 0.6109375 0.53828125 0.096875 0.2125
2 0.4390625 0.425 0.02421875 0.04609375
2 0.415625 0.42578125 0.02421875 0.04453125
2 0.55703125 0.64921875 0.021875 0.034375
2 0.625 0.68671875 0.025 0.03828125
4 0.5671875 0.89375 0.0359375 0.04765625
4 0.6078125 0.8953125 0.03359375 0.0546875
4 0.46015625 0.7984375 0.02265625 0.0421875
4 0.409375 0.78671875 0.02890625 0.04296875
6 0.6 0.621875 0.134375 0.62890625
6 0.42578125 0.54921875 0.12265625 0.5734375