6 0.63828125 0.69296875 0.1515625 0.61015625
8 0.45 0.52890625 0.1078125 0.2859375
6 0.4421875 0.60625 0.1359375 0.63515625
5 0.6484375 0.61015625 0.09140625 0.2734375
3 0.46171875 0.32578125 0.0421875 0.0625
3 0.6703125 0.425 0.04453125 0.0703125
2 0.5953125 0.75859375 0.0203125 0.0375
4 0.39765625 0.87421875 0.0328125 0.05234375
4 0.45625 0.88671875 0.025 0.0546875
2 0.6796875 0.771875 0.02109375 0.04609375
4 0.575 0.98125 0.0328125 0.034375
2 0.39921875 0.62421875 0.0203125 0.065625
4 0.61328125 0.9859375 0.0265625 0.0265625
2 0.4265625 0.6125 0.0265625 0.040625