6 0.48359375 0.34296875 0.0453125 0.24375
6 0.6109375 0.4453125 0.065625 0.34765625
5 0.615625 0.3875 0.04375 0.13125
4 0.5890625 0.60703125 0.0265625 0.01875
5 0.4828125 0.30546875 0.0359375 0.08515625
3 0.6046875 0.2828125 0.025 0.0234375
4 0.478125 0.45234375 0.0125 0.0140625
2 0.46796875 0.35234375 0.00703125 0.02109375
4 0.61484375 0.603125 0.0109375 0.021875
2 0.63515625 0.459375 0.00859375 0.03125
3 0.4796875 0.2296875 0.0171875 0.01328125
2 0.590625 0.29375 0.0125 0.028125
2 0.5015625 0.34453125 0.00625 0.0203125
4 0.48984375 0.4359375 0.009375 0.02265625