3 0.58828125 0.3296875 0.02578125 0.03125
3 0.43828125 0.2796875 0.02578125 0.03515625
1 0.3015625 0.27734375 0.0390625 0.0515625
5 0.5828125 0.465625 0.0671875 0.13359375
5 0.4359375 0.4125 0.0703125 0.14921875
8 0.2921875 0.425 0.06640625 0.19921875
2 0.60390625 0.3671875 0.01328125 0.02890625
2 0.57109375 0.3265625 0.015625 0.0234375
2 0.46171875 0.5015625 0.01640625 0.03984375
2 0.39609375 0.48984375 0.0109375 0.04453125
2 0.3203125 0.509375 0.01171875 0.04453125
2 0.2515625 0.51484375 0.0171875 0.0484375
4 0.57578125 0.70625 0.02109375 0.04921875
4 0.5484375 0.70078125 0.02109375 0.04296875
4 0.4328125 0.66796875 0.01953125 0.0375
4 0.4 0.66328125 0.01796875 0.046875
7 0.296875 0.675 0.03671875 0.0453125
7 0.2625 0.684375 0.01796875 0.05625
6 0.584375 0.52109375 0.09375 0.41640625
6 0.4296875 0.47578125 0.0828125 0.425
6 0.28515625 0.47890625 0.084375 0.459375