6 0.6125 0.55703125 0.10703125 0.3796875
8 0.2890625 0.42734375 0.0640625 0.19921875
6 0.4453125 0.50703125 0.0984375 0.4625
6 0.2984375 0.490625 0.0953125 0.47109375
1 0.309375 0.2828125 0.04375 0.0546875
5 0.4578125 0.434375 0.06171875 0.171875
5 0.61875 0.48515625 0.08046875 0.18515625
3 0.4484375 0.296875 0.034375 0.03515625
4 0.4171875 0.68671875 0.034375 0.025
4 0.45078125 0.7046875 0.0359375 0.034375
7 0.2828125 0.69921875 0.0328125 0.0390625
3 0.64296875 0.3890625 0.04375 0.0375
0 0.4046875 0.4125 0.02109375 0.028125
4 0.58359375 0.7078125 0.0375 0.03359375
0 0.334375 0.40078125 0.02890625 0.03125
4 0.6359375 0.56484375 0.028125 0.05234375
2 0.428125 0.453125 0.01328125 0.0265625
4 0.61015625 0.7109375 0.01953125 0.03671875
7 0.30625 0.675 0.0375 0.0328125