6 0.5609375 0.5828125 0.0875 0.440625
6 0.7109375 0.7453125 0.115625 0.496875
8 0.7203125 0.66640625 0.0828125 0.215625
6 0.475 0.6578125 0.0953125 0.5
5 0.47578125 0.5953125 0.0703125 0.1796875
5 0.5578125 0.52890625 0.07421875 0.153125
7 0.48203125 0.85 0.0375 0.040625
4 0.565625 0.76796875 0.02421875 0.03984375
4 0.53515625 0.76875 0.01875 0.03984375
2 0.75546875 0.7703125 0.0140625 0.03984375
0 0.67421875 0.696875 0.01640625 0.05234375
3 0.5625 0.4078125 0.0234375 0.04140625
3 0.496875 0.446875 0.034375 0.04296875
7 0.45390625 0.87734375 0.03125 0.0421875
7 0.66953125 0.90546875 0.04140625 0.04296875
7 0.70390625 0.9375 0.03203125 0.053125
1 0.71796875 0.546875 0.0484375 0.08203125