3 0.5171875 0.27890625 0.03203125 0.03046875
3 0.67265625 0.39140625 0.03984375 0.0421875
2 0.70703125 0.7125 0.0203125 0.0453125
1 0.309375 0.2703125 0.04296875 0.05625
7 0.278125 0.6984375 0.0265625 0.04296875
7 0.29921875 0.67265625 0.0234375 0.03515625
8 0.30625 0.421875 0.07265625 0.196875
5 0.51484375 0.42578125 0.0625 0.1640625
4 0.64609375 0.934375 0.0359375 0.05859375
4 0.59921875 0.91875 0.046875 0.04140625
5 0.66171875 0.5890625 0.1171875 0.246875
6 0.29609375 0.48203125 0.1 0.478125
2 0.57109375 0.671875 0.01875 0.046875
0 0.3171875 0.50390625 0.02734375 0.065625
0 0.49453125 0.51015625 0.02109375 0.05390625
4 0.490625 0.68828125 0.03515625 0.02734375
4 0.48046875 0.6671875 0.02109375 0.01875
6 0.65859375 0.67890625 0.146875 0.63125
6 0.50859375 0.48359375 0.0875 0.4671875