6 0.3078125 0.49375 0.0859375 0.48203125
6 0.4421875 0.47265625 0.071875 0.421875
6 0.603125 0.54453125 0.0875 0.390625
2 0.2765625 0.509375 0.01640625 0.04453125
2 0.47109375 0.48203125 0.0125 0.04609375
2 0.41484375 0.4984375 0.01484375 0.046875
2 0.58203125 0.54140625 0.0109375 0.028125
2 0.6125 0.5453125 0.01640625 0.02578125
1 0.328125 0.278125 0.0421875 0.0453125
3 0.45703125 0.278125 0.03125 0.028125
3 0.609375 0.37265625 0.02578125 0.0421875
8 0.3140625 0.4265625 0.065625 0.1875
7 0.3109375 0.6796875 0.0375 0.03984375
7 0.27578125 0.6875 0.0171875 0.03515625
4 0.446875 0.65625 0.0265625 0.03203125
4 0.4203125 0.665625 0.01953125 0.034375
5 0.4453125 0.4203125 0.06015625 0.175
5 0.61015625 0.47109375 0.071875 0.165625
4 0.609375 0.715625 0.025 0.0390625
4 0.575 0.703125 0.0265625 0.0375