6 0.459375 0.48046875 0.0921875 0.4328125
6 0.6078125 0.53046875 0.08984375 0.434375
8 0.30625 0.4234375 0.065625 0.1953125
6 0.3046875 0.4828125 0.0828125 0.4671875
5 0.4640625 0.4109375 0.07109375 0.153125
5 0.615625 0.46796875 0.0671875 0.178125
1 0.31796875 0.275 0.04296875 0.04765625
4 0.42578125 0.6578125 0.0265625 0.02890625
4 0.5734375 0.703125 0.025 0.0359375
3 0.465625 0.28046875 0.03515625 0.034375
7 0.3109375 0.6796875 0.03515625 0.0375
3 0.6203125 0.3265625 0.02734375 0.028125
4 0.6078125 0.715625 0.0234375 0.0390625
4 0.4609375 0.671875 0.0171875 0.028125
2 0.2828125 0.52109375 0.0171875 0.0484375
7 0.28046875 0.690625 0.01875 0.040625
2 0.428125 0.490625 0.01328125 0.0390625
2 0.4546875 0.4390625 0.0203125 0.03125
2 0.6265625 0.55625 0.0125 0.03046875
2 0.584375 0.54296875 0.00859375 0.02578125