6 0.675 0.46796875 0.0703125 0.396875
5 0.6765625 0.40703125 0.05234375 0.146875
6 0.4703125 0.309375 0.0390625 0.21640625
5 0.4703125 0.27734375 0.0296875 0.075
3 0.684375 0.27890625 0.01796875 0.01953125
2 0.7046875 0.48125 0.0109375 0.028125
4 0.465625 0.40625 0.01328125 0.0140625
4 0.6765625 0.63515625 0.015625 0.021875
2 0.45546875 0.31875 0.00625 0.01953125
2 0.646875 0.4875 0.0140625 0.0265625
2 0.4859375 0.31796875 0.00625 0.021875
4 0.4765625 0.403125 0.01484375 0.0140625
3 0.475 0.21640625 0.01796875 0.01640625