6 0.6234375 0.58203125 0.13359375 0.54921875
3 0.42421875 0.296875 0.0375 0.05546875
6 0.4265625 0.54375 0.11328125 0.5609375
2 0.384375 0.51875 0.02734375 0.04375
3 0.6453125 0.32734375 0.0375 0.04296875
5 0.640625 0.49453125 0.0765625 0.21796875
5 0.44765625 0.465625 0.04921875 0.22421875
2 0.56875 0.6171875 0.0203125 0.05
2 0.69453125 0.56328125 0.03046875 0.0453125
4 0.43359375 0.7984375 0.04296875 0.03125
4 0.4453125 0.78515625 0.0390625 0.02265625
4 0.61953125 0.83125 0.03125 0.04140625
4 0.63671875 0.81953125 0.034375 0.03984375