6 0.96171875 0.71015625 0.0765625 0.5171875
6 0.65078125 0.603125 0.109375 0.4984375
5 0.64921875 0.5203125 0.06875 0.196875
6 0.84296875 0.634375 0.0984375 0.459375
5 0.85390625 0.56015625 0.06484375 0.175
3 0.8484375 0.421875 0.0296875 0.034375
7 0.628125 0.8203125 0.04453125 0.0375
3 0.6765625 0.38125 0.0390625 0.05234375
4 0.828125 0.83671875 0.03125 0.03515625
4 0.8046875 0.8 0.03671875 0.034375
2 0.8421875 0.6390625 0.0140625 0.02734375
2 0.9609375 0.6203125 0.02421875 0.04609375
1 0.984375 0.48515625 0.03125 0.06484375
7 0.64453125 0.78671875 0.0140625 0.03046875