6 0.3078125 0.46640625 0.11015625 0.440625
6 0.496875 0.51015625 0.08984375 0.43125
5 0.5046875 0.4390625 0.0515625 0.1703125
1 0.365625 0.26796875 0.03046875 0.05
7 0.303125 0.665625 0.0265625 0.02890625
4 0.47421875 0.703125 0.040625 0.02890625
8 0.35625 0.37421875 0.0515625 0.159375
3 0.50390625 0.309375 0.034375 0.02890625
2 0.46953125 0.47265625 0.0140625 0.02578125
7 0.278125 0.64765625 0.01875 0.03125
2 0.49140625 0.51640625 0.0125 0.02734375
5 0.3015625 0.40546875 0.071875 0.1796875
2 0.26328125 0.48515625 0.0125 0.0421875
7 0.34453125 0.6 0.0296875 0.0296875
4 0.4703125 0.678125 0.025 0.021875
7 0.33046875 0.61875 0.028125 0.034375
3 0.3078125 0.26640625 0.028125 0.03125