6 0.2890625 0.5 0.121875 0.47265625
6 0.59921875 0.54375 0.0984375 0.4453125
5 0.2984375 0.4328125 0.0796875 0.2046875
5 0.6171875 0.48671875 0.05390625 0.18359375
4 0.58203125 0.7375 0.04375 0.0375
3 0.60859375 0.3390625 0.03671875 0.0359375
7 0.33671875 0.58046875 0.0296875 0.03515625
7 0.26875 0.7078125 0.03125 0.03125
3 0.30703125 0.290625 0.0296875 0.05
2 0.59375 0.571875 0.015625 0.02890625
2 0.33203125 0.5140625 0.0125 0.03515625
2 0.2390625 0.51640625 0.01640625 0.034375
7 0.2953125 0.7125 0.01875 0.0328125