6 0.4859375 0.48046875 0.0859375 0.4234375
3 0.509375 0.28515625 0.0296875 0.034375
5 0.48671875 0.3890625 0.0515625 0.14375
4 0.48203125 0.62890625 0.01875 0.02265625
0 0.50234375 0.4875 0.0171875 0.0546875
4 0.13828125 0.534375 0.01875 0.034375
2 0.51953125 0.3796875 0.0203125 0.03046875
6 0.1375 0.38984375 0.07890625 0.34140625
2 0.109375 0.3203125 0.01328125 0.0265625
2 0.12421875 0.32734375 0.009375 0.03046875
3 0.14140625 0.23125 0.02421875 0.0171875
5 0.1421875 0.34296875 0.04921875 0.125
4 0.1265625 0.53046875 0.0171875 0.02578125