3 0.4953125 0.315625 0.05 0.04921875
2 0.446875 0.65 0.02265625 0.065625
2 0.5046875 0.603125 0.01796875 0.059375
4 0.45078125 0.87578125 0.0453125 0.0515625
4 0.4703125 0.8453125 0.03828125 0.03046875
8 0.4640625 0.5234375 0.08125 0.27890625
6 0.47109375 0.5984375 0.10390625 0.62734375
3 0.69921875 0.41640625 0.05390625 0.0625
2 0.6515625 0.79765625 0.02890625 0.040625
5 0.66484375 0.6140625 0.07890625 0.28359375
4 0.61640625 0.98671875 0.02890625 0.0265625
4 0.64140625 0.98125 0.0421875 0.0375
6 0.66015625 0.6921875 0.1296875 0.615625