6 0.6078125 0.4390625 0.06328125 0.35859375
5 0.6109375 0.38203125 0.053125 0.1296875
6 0.46328125 0.31015625 0.0421875 0.2
4 0.5890625 0.6078125 0.0265625 0.0171875
5 0.4640625 0.28125 0.0296875 0.07109375
3 0.6109375 0.275 0.0234375 0.028125
2 0.6328125 0.475 0.0109375 0.03125
4 0.46015625 0.39375 0.0109375 0.01328125
4 0.6140625 0.603125 0.0109375 0.0203125
4 0.47265625 0.40234375 0.01015625 0.015625
3 0.46796875 0.2203125 0.01328125 0.01171875
2 0.446875 0.31640625 0.00703125 0.02109375
2 0.4765625 0.32109375 0.00546875 0.015625