1 0.45390625 0.2109375 0.015625 0.01875
6 0.51875 0.3671875 0.0515625 0.2828125
7 0.459375 0.40234375 0.01328125 0.01328125
1 0.5125 0.23984375 0.02109375 0.0265625
7 0.44609375 0.40390625 0.0109375 0.0125
0 0.46640625 0.31953125 0.0046875 0.0203125
0 0.49140625 0.38046875 0.01015625 0.02578125
0 0.4375 0.31328125 0.00625 0.025
4 0.50703125 0.4984375 0.01953125 0.01640625
4 0.5234375 0.48046875 0.0125 0.0265625
6 0.4484375 0.29921875 0.05078125 0.2265625
8 0.5171875 0.32890625 0.0421875 0.103125
5 0.4515625 0.27265625 0.03125 0.08046875