6 0.478125 0.66484375 0.10390625 0.475
8 0.6640625 0.62890625 0.0859375 0.21875
6 0.66328125 0.6765625 0.1125 0.509375
5 0.475 0.59921875 0.08125 0.19375
7 0.50078125 0.871875 0.0328125 0.034375
0 0.70546875 0.73046875 0.0171875 0.06875
4 0.55625 0.77734375 0.0359375 0.0328125
7 0.465625 0.8578125 0.01875 0.03671875
7 0.63046875 0.9 0.021875 0.05078125
2 0.61015625 0.6921875 0.0125 0.0453125
1 0.67734375 0.45625 0.0359375 0.0515625
3 0.578125 0.40625 0.03125 0.0390625
5 0.56015625 0.54140625 0.04453125 0.1765625
7 0.6609375 0.90078125 0.028125 0.05390625
3 0.48515625 0.4421875 0.034375 0.0390625