6 0.4640625 0.4765625 0.0765625 0.4125
8 0.35703125 0.36875 0.0609375 0.153125
6 0.2421875 0.4265625 0.0765625 0.37734375
6 0.3546875 0.421875 0.078125 0.39375
5 0.46875 0.4140625 0.05 0.16875
1 0.36015625 0.2453125 0.0328125 0.0375
7 0.325 0.578125 0.025 0.03125
4 0.440625 0.62734375 0.03671875 0.025
3 0.4640625 0.2859375 0.028125 0.028125
7 0.25 0.58203125 0.0265625 0.0265625
4 0.465625 0.65546875 0.01953125 0.03671875
2 0.2703125 0.43125 0.0125 0.040625
2 0.21328125 0.44609375 0.0140625 0.0375
3 0.24765625 0.25 0.02421875 0.02421875
2 0.46171875 0.49375 0.01328125 0.0203125
0 0.3796875 0.43125 0.0140625 0.046875
7 0.36328125 0.5875 0.01875 0.0359375
7 0.2359375 0.5953125 0.02421875 0.03359375