6 0.69296875 0.7359375 0.07734375 0.52421875
8 0.67578125 0.6796875 0.1015625 0.240625
1 0.68515625 0.50234375 0.0421875 0.05625
6 0.53984375 0.70390625 0.10546875 0.50078125
5 0.53984375 0.6375 0.0734375 0.20234375
7 0.5484375 0.91875 0.03515625 0.040625
7 0.50859375 0.9140625 0.01796875 0.0359375
4 0.596875 0.875 0.0265625 0.0390625
3 0.5609375 0.47578125 0.03125 0.034375
3 0.653125 0.47578125 0.03125 0.034375
0 0.634375 0.59765625 0.03046875 0.04765625
2 0.68828125 0.7140625 0.0234375 0.03359375