6 0.47578125 0.45625 0.096875 0.390625
6 0.5796875 0.5390625 0.0875 0.46640625
6 0.1640625 0.44921875 0.07109375 0.43515625
5 0.48203125 0.384375 0.065625 0.1359375
8 0.16015625 0.38984375 0.0625 0.18984375
5 0.5890625 0.44140625 0.05390625 0.13359375
3 0.59140625 0.32265625 0.0328125 0.0328125
7 0.47734375 0.62421875 0.01875 0.034375
1 0.17421875 0.25078125 0.0359375 0.0421875
7 0.1609375 0.646875 0.0328125 0.034375
7 0.4421875 0.6125 0.025 0.034375
4 0.54921875 0.74765625 0.04375 0.03203125
3 0.4859375 0.275 0.021875 0.025
2 0.58203125 0.50390625 0.01796875 0.03671875
2 0.16953125 0.48828125 0.0140625 0.0359375
2 0.4953125 0.4265625 0.0203125 0.0296875
2 0.45859375 0.4078125 0.01328125 0.025
7 0.17578125 0.6234375 0.0203125 0.02109375