6 0.61015625 0.4609375 0.0796875 0.378125
4 0.459375 0.5578125 0.01640625 0.0125
5 0.45390625 0.34765625 0.0390625 0.10546875
4 0.58671875 0.6140625 0.028125 0.01875
4 0.4546875 0.56953125 0.028125 0.021875
3 0.48515625 0.27109375 0.02734375 0.028125
2 0.584375 0.4609375 0.0140625 0.0296875
2 0.61171875 0.41015625 0.0140625 0.0453125
3 0.6046875 0.28828125 0.0265625 0.025
5 0.615625 0.39375 0.0453125 0.121875
6 0.46875 0.4203125 0.0765625 0.32578125
4 0.61640625 0.62890625 0.0171875 0.03359375
2 0.45625 0.4296875 0.0140625 0.03515625