5 0.6359375 0.528125 0.05 0.2640625
4 0.46328125 0.83203125 0.03515625 0.040625
6 0.640625 0.58984375 0.06953125 0.5671875
5 0.4359375 0.4796875 0.1109375 0.2390625
4 0.63828125 0.83125 0.02890625 0.025
4 0.4265625 0.85 0.021875 0.04453125
4 0.628125 0.85 0.04140625 0.0375
3 0.44296875 0.29296875 0.0375 0.04765625
3 0.646875 0.334375 0.03984375 0.0609375
6 0.4375 0.56953125 0.11953125 0.6234375
2 0.63359375 0.65234375 0.0234375 0.06015625
2 0.390625 0.61328125 0.0203125 0.053125
2 0.484375 0.61171875 0.02578125 0.05