6 0.71015625 0.74375 0.1140625 0.49921875
8 0.71875 0.6640625 0.0828125 0.215625
6 0.4640625 0.66328125 0.0890625 0.4875
6 0.5546875 0.59609375 0.09375 0.425
5 0.55234375 0.534375 0.06875 0.153125
7 0.4859375 0.8484375 0.0375 0.0390625
4 0.56484375 0.76796875 0.02421875 0.04140625
4 0.534375 0.76953125 0.01796875 0.0375
5 0.4625 0.59921875 0.0625 0.19453125
3 0.5515625 0.409375 0.02890625 0.0328125
3 0.47421875 0.4484375 0.03359375 0.03203125
7 0.70234375 0.93359375 0.0265625 0.04921875
7 0.66640625 0.9078125 0.0375 0.04609375
0 0.678125 0.70859375 0.01484375 0.0765625
2 0.61171875 0.53359375 0.01640625 0.04375
2 0.46171875 0.746875 0.015625 0.028125
7 0.45625 0.87734375 0.0296875 0.05078125
2 0.73203125 0.76640625 0.0171875 0.0375
1 0.7140625 0.55 0.04375 0.0875
2 0.5296875 0.628125 0.0109375 0.021875