6 0.29140625 0.47421875 0.0765625 0.44609375
0 0.27890625 0.52109375 0.02578125 0.065625
0 0.265625 0.384375 0.02421875 0.04765625
7 0.27890625 0.67890625 0.04375 0.028125
7 0.275 0.653125 0.015625 0.01640625
8 0.29921875 0.42734375 0.059375 0.209375
6 0.446875 0.45625 0.065625 0.3921875
0 0.44453125 0.4671875 0.0171875 0.03671875
4 0.4296875 0.6296875 0.0296875 0.028125
4 0.44375 0.6125 0.025 0.01796875
3 0.46484375 0.27109375 0.02578125 0.0203125
5 0.44921875 0.3890625 0.0375 0.14921875
1 0.29140625 0.2765625 0.04140625 0.04765625