6 0.32578125 0.41640625 0.103125 0.3859375
8 0.3375 0.3578125 0.0625 0.15078125
6 0.44453125 0.46171875 0.0890625 0.3890625
6 0.2265625 0.4234375 0.0734375 0.3671875
5 0.45234375 0.40546875 0.0640625 0.15625
1 0.33203125 0.246875 0.03515625 0.040625
4 0.41171875 0.6140625 0.0359375 0.0234375
7 0.2453125 0.58203125 0.0328125 0.0265625
3 0.45234375 0.2828125 0.02734375 0.028125
7 0.3171875 0.5734375 0.02421875 0.0265625
2 0.2078125 0.44765625 0.01484375 0.040625
7 0.2171875 0.5859375 0.015625 0.0328125
7 0.34296875 0.58203125 0.015625 0.0296875
2 0.45625 0.48203125 0.0140625 0.0203125
4 0.44921875 0.6296875 0.015625 0.0296875
0 0.28359375 0.3625 0.0140625 0.03203125
2 0.2515625 0.4328125 0.01171875 0.034375
2 0.4015625 0.38125 0.0125 0.021875
3 0.23984375 0.2484375 0.01875 0.025
5 0.22109375 0.36328125 0.0640625 0.15625