8 0.678125 0.6375 0.09140625 0.23125
6 0.68515625 0.70703125 0.08125 0.515625
1 0.6828125 0.49140625 0.0421875 0.07109375
5 0.5203125 0.634375 0.0609375 0.2015625
6 0.52578125 0.6984375 0.09453125 0.490625
7 0.54375 0.88515625 0.03828125 0.0375
3 0.63125 0.46015625 0.025 0.0390625
7 0.50859375 0.91015625 0.025 0.04375
4 0.60390625 0.84375 0.0203125 0.03984375
7 0.63515625 0.9078125 0.03203125 0.04375
3 0.53828125 0.47421875 0.0390625 0.04296875
7 0.67890625 0.92578125 0.0296875 0.05546875
0 0.621875 0.70703125 0.02265625 0.05859375
2 0.6765625 0.64296875 0.02734375 0.034375
6 0.62109375 0.659375 0.06328125 0.43203125