6 0.525 0.56796875 0.16484375 0.6421875
8 0.503125 0.49609375 0.09765625 0.24140625
4 0.4671875 0.8078125 0.03203125 0.03515625
4 0.49765625 0.8640625 0.02109375 0.0484375
2 0.46015625 0.2828125 0.03203125 0.06875
6 0.6109375 0.40625 0.1046875 0.2640625
3 0.52265625 0.32109375 0.03125 0.04765625
4 0.59609375 0.52890625 0.0109375 0.015625
4 0.5828125 0.51875 0.01796875 0.0171875
2 0.5890625 0.3328125 0.0328125 0.05859375
3 0.6140625 0.303125 0.01484375 0.0265625
2 0.565625 0.28671875 0.009375 0.0265625
2 0.65859375 0.309375 0.0109375 0.0203125
5 0.6078125 0.371875 0.04765625 0.10234375