4 0.603125 0.61796875 0.0171875 0.02890625
4 0.459375 0.5578125 0.015625 0.0140625
4 0.584375 0.6140625 0.02265625 0.0234375
4 0.4546875 0.5703125 0.028125 0.02265625
5 0.5921875 0.3890625 0.06328125 0.1421875
3 0.584375 0.29375 0.021875 0.03359375
3 0.46484375 0.24140625 0.0296875 0.02421875
2 0.46328125 0.43125 0.01015625 0.040625
2 0.57109375 0.46875 0.01015625 0.0375
2 0.6171875 0.47265625 0.01796875 0.0359375
5 0.45078125 0.35390625 0.03203125 0.11953125
6 0.5921875 0.45703125 0.05625 0.34921875
6 0.45703125 0.40625 0.04609375 0.3515625