6 0.1171875 0.390625 0.08515625 0.353125
6 0.3546875 0.4328125 0.07421875 0.37109375
8 0.115625 0.3453125 0.05703125 0.153125
4 0.346875 0.596875 0.03125 0.03046875
4 0.22734375 0.5203125 0.02578125 0.02890625
4 0.12265625 0.546875 0.0203125 0.02109375
5 0.35390625 0.378125 0.05 0.165625
6 0.23359375 0.38984375 0.071875 0.30234375
4 0.10078125 0.55234375 0.0140625 0.025
0 0.0859375 0.41640625 0.01484375 0.05078125
3 0.37109375 0.2625 0.0265625 0.0328125
2 0.36796875 0.4625 0.015625 0.0328125
0 0.22734375 0.31484375 0.0125 0.0359375
0 0.13828125 0.39453125 0.0109375 0.03046875
1 0.1203125 0.23125 0.03203125 0.028125
3 0.26015625 0.25859375 0.01875 0.01875
5 0.23359375 0.32109375 0.046875 0.096875