6 0.2671875 0.503125 0.1078125 0.48046875
6 0.54453125 0.52265625 0.1 0.440625
5 0.5578125 0.4640625 0.0515625 0.1875
7 0.2890625 0.71875 0.0359375 0.03125
3 0.5453125 0.321875 0.0375 0.03515625
4 0.528125 0.7203125 0.03984375 0.028125
8 0.35234375 0.35625 0.0609375 0.1453125
4 0.51015625 0.68671875 0.0328125 0.034375
7 0.25078125 0.7078125 0.01796875 0.03359375
4 0.3375 0.58359375 0.0296875 0.02890625
5 0.2671875 0.425 0.07734375 0.20234375
2 0.215625 0.49765625 0.0140625 0.0390625
2 0.32265625 0.52890625 0.0140625 0.04921875
1 0.3625 0.29921875 0.03359375 0.06328125
3 0.27578125 0.27109375 0.0328125 0.05078125