6 0.3734375 0.5015625 0.0953125 0.4703125
6 0.64296875 0.56015625 0.109375 0.4796875
6 0.26171875 0.4328125 0.07421875 0.35234375
5 0.64765625 0.48359375 0.0625 0.184375
2 0.60546875 0.565625 0.01875 0.034375
7 0.64375 0.76015625 0.04375 0.04296875
3 0.6796875 0.3390625 0.034375 0.0359375
7 0.384375 0.70859375 0.0375 0.0328125
7 0.346875 0.69453125 0.0171875 0.0328125
4 0.2640625 0.56328125 0.0234375 0.02109375
2 0.40390625 0.52890625 0.0125 0.04296875
5 0.3671875 0.43671875 0.075 0.20234375
5 0.26171875 0.35703125 0.053125 0.115625
4 0.24609375 0.5796875 0.01328125 0.0296875
3 0.271875 0.246875 0.02578125 0.034375
3 0.3765625 0.2796875 0.02734375 0.0328125
7 0.58125 0.7 0.025 0.08125