4 0.646875 0.8578125 0.02890625 0.0484375
5 0.64296875 0.50859375 0.08984375 0.22109375
3 0.6515625 0.3375 0.0328125 0.04296875
6 0.43125 0.5875 0.0828125 0.6328125
4 0.45390625 0.84609375 0.03515625 0.025
4 0.61640625 0.859375 0.01953125 0.046875
3 0.4484375 0.30859375 0.04453125 0.059375
4 0.4390625 0.878125 0.03359375 0.046875
6 0.6421875 0.60234375 0.0953125 0.56484375
2 0.41484375 0.65625 0.02890625 0.0671875
2 0.68046875 0.6328125 0.028125 0.04765625
2 0.61171875 0.64140625 0.01953125 0.04296875
5 0.42890625 0.50625 0.06640625 0.23203125