6 0.67109375 0.70859375 0.1140625 0.5640625
8 0.67890625 0.63984375 0.08125 0.215625
6 0.490625 0.66171875 0.10234375 0.4765625
5 0.48984375 0.60625 0.07890625 0.1953125
0 0.7125 0.715625 0.0234375 0.06640625
4 0.55546875 0.77734375 0.0359375 0.03125
7 0.6359375 0.9140625 0.04140625 0.046875
7 0.5015625 0.871875 0.03125 0.034375
2 0.61953125 0.71796875 0.01640625 0.04375
1 0.68046875 0.4578125 0.04375 0.05546875
3 0.5828125 0.4078125 0.0296875 0.03125
3 0.51328125 0.45625 0.03125 0.03671875
5 0.5625 0.546875 0.04375 0.1921875
6 0.5734375 0.58984375 0.06015625 0.41015625