5 0.46015625 0.46875 0.08125 0.215625
1 0.92734375 0.44140625 0.0421875 0.053125
5 0.534375 0.46875 0.0625 0.196875
6 0.53203125 0.54609375 0.0859375 0.49140625
7 0.803125 0.8625 0.0421875 0.059375
3 0.46953125 0.32421875 0.0328125 0.05625
5 0.91796875 0.5953125 0.0578125 0.1765625
6 0.9015625 0.6703125 0.1015625 0.51484375
3 0.52734375 0.328125 0.0375 0.0390625
7 0.4203125 0.7578125 0.0265625 0.03984375
4 0.509375 0.76171875 0.04375 0.034375
2 0.5375 0.57578125 0.01875 0.0359375
8 0.8578125 0.60625 0.04609375 0.1515625
4 0.503125 0.7265625 0.02890625 0.02734375
7 0.4640625 0.7625 0.0171875 0.03125