6 0.4671875 0.4546875 0.08359375 0.3875
5 0.46875 0.390625 0.059375 0.1484375
6 0.59140625 0.440625 0.0625 0.2984375
5 0.59296875 0.3953125 0.0421875 0.12421875
3 0.6 0.30390625 0.01875 0.02265625
3 0.4859375 0.2828125 0.0265625 0.034375
4 0.57109375 0.57578125 0.01484375 0.01875
4 0.44765625 0.62421875 0.021875 0.021875
2 0.56875 0.4578125 0.0078125 0.015625
2 0.6125 0.4578125 0.009375 0.02421875
4 0.58671875 0.5625 0.0109375 0.0203125
2 0.4421875 0.4578125 0.0125 0.03046875
2 0.4984375 0.4671875 0.01484375 0.02890625