8 0.71953125 0.625 0.084375 0.21171875
6 0.4671875 0.67734375 0.09609375 0.4859375
5 0.465625 0.61015625 0.06875 0.18984375
6 0.71171875 0.696875 0.109375 0.509375
7 0.4734375 0.87734375 0.0359375 0.0375
6 0.5578125 0.578125 0.0859375 0.453125
4 0.52734375 0.7640625 0.021875 0.0359375
5 0.55625 0.534375 0.0671875 0.1640625
4 0.5640625 0.76875 0.025 0.040625
7 0.4421875 0.8828125 0.01640625 0.0359375
2 0.5921875 0.621875 0.015625 0.03046875
7 0.66953125 0.89296875 0.0296875 0.040625
3 0.4796875 0.46875 0.0359375 0.05234375
3 0.5640625 0.3984375 0.0328125 0.04375
1 0.721875 0.48671875 0.04140625 0.06875
0 0.67265625 0.68515625 0.01484375 0.0671875
2 0.7171875 0.63984375 0.03125 0.03125
7 0.696875 0.88046875 0.0203125 0.05234375
2 0.54140625 0.62890625 0.01171875 0.028125