6 0.30546875 0.4859375 0.08125 0.4734375
6 0.6203125 0.5125 0.16484375 0.48984375
1 0.31953125 0.27578125 0.04609375 0.04609375
2 0.284375 0.525 0.0171875 0.0515625
2 0.33515625 0.50078125 0.01171875 0.046875
8 0.30625 0.43046875 0.0671875 0.19453125
7 0.28203125 0.6984375 0.0265625 0.04140625
7 0.30859375 0.6828125 0.034375 0.04609375
3 0.62109375 0.33125 0.02890625 0.02734375
2 0.55234375 0.28828125 0.01796875 0.0375
2 0.6921875 0.3375 0.01640625 0.04296875
5 0.6140625 0.45546875 0.08359375 0.1625
4 0.57421875 0.703125 0.02734375 0.03359375
5 0.5765625 0.6828125 0.00078125 0.003125
4 0.60859375 0.7140625 0.025 0.0359375