6 0.53046875 0.38984375 0.08671875 0.34140625
1 0.534375 0.24765625 0.02890625 0.0390625
0 0.59453125 0.26953125 0.02265625 0.028125
0 0.478125 0.2796875 0.021875 0.02109375
0 0.45 0.37265625 0.01015625 0.03125
0 0.4015625 0.36875 0.0125 0.0328125
8 0.53515625 0.33515625 0.05546875 0.13125
6 0.42421875 0.34921875 0.05390625 0.30703125
5 0.42421875 0.31484375 0.040625 0.12265625
7 0.4125 0.48828125 0.01875 0.02578125
7 0.4328125 0.48515625 0.01328125 0.025
4 0.51640625 0.53203125 0.01875 0.03046875
4 0.5375 0.53203125 0.0203125 0.02421875
1 0.425 0.2203125 0.02578125 0.03125