6 0.45703125 0.46640625 0.08125 0.36484375
6 0.234375 0.43125 0.06796875 0.384375
6 0.365625 0.425 0.071875 0.39375
8 0.3625 0.36875 0.0484375 0.159375
1 0.38359375 0.24921875 0.03125 0.03984375
5 0.46328125 0.409375 0.0546875 0.153125
3 0.453125 0.3046875 0.0296875 0.0359375
4 0.42265625 0.60625 0.034375 0.02421875
7 0.22734375 0.6078125 0.0328125 0.03046875
4 0.446875 0.621875 0.0203125 0.03046875
2 0.23203125 0.4625 0.015625 0.03984375
5 0.23046875 0.3671875 0.0515625 0.1484375
7 0.35625 0.59140625 0.03125 0.034375
3 0.24140625 0.25078125 0.0234375 0.025