8 0.540625 0.38515625 0.0546875 0.1578125
1 0.5390625 0.25859375 0.0265625 0.03515625
4 0.5421875 0.60703125 0.0234375 0.0296875
4 0.5234375 0.61015625 0.01875 0.03046875
5 0.415625 0.33671875 0.06171875 0.1328125
7 0.42421875 0.5453125 0.01796875 0.02421875
1 0.42421875 0.23671875 0.02421875 0.03125
0 0.52421875 0.4515625 0.01875 0.03203125
7 0.40703125 0.5296875 0.015625 0.0546875
6 0.415625 0.38984375 0.07109375 0.390625
6 0.54140625 0.4296875 0.0859375 0.434375
0 0.55625 0.44609375 0.0203125 0.0390625
0 0.4421875 0.415625 0.01484375 0.046875
0 0.3953125 0.40234375 0.01796875 0.04609375