6 0.4984375 0.3078125 0.034375 0.20390625
6 0.43203125 0.27109375 0.02421875 0.16328125
1 0.49765625 0.2203125 0.015625 0.0203125
0 0.48359375 0.32578125 0.00703125 0.01640625
0 0.44140625 0.1953125 0.00703125 0.01953125
0 0.5109375 0.31796875 0.0109375 0.021875
0 0.4265625 0.196875 0.00546875 0.02109375
4 0.50703125 0.40234375 0.0125 0.0203125
4 0.49296875 0.39609375 0.0171875 0.01875
7 0.4390625 0.34609375 0.01640625 0.0171875
7 0.428125 0.34453125 0.01171875 0.015625
8 0.5 0.28203125 0.03125 0.08046875
5 0.43125 0.246875 0.01796875 0.05859375
1 0.43359375 0.2015625 0.01640625 0.01875