5 0.590625 0.52734375 0.10078125 0.253125
1 0.5921875 0.31953125 0.053125 0.0703125
6 0.43359375 0.6125 0.1265625 0.69296875
6 0.5890625 0.61875 0.1125 0.71015625
8 0.42578125 0.53203125 0.09375 0.28125
1 0.4375 0.3140625 0.05625 0.06953125
0 0.6328125 0.665625 0.02265625 0.075
4 0.559375 0.90703125 0.02734375 0.046875
0 0.41640625 0.68046875 0.03125 0.07734375
4 0.4296875 0.8921875 0.0390625 0.0625
4 0.609375 0.91875 0.01875 0.0453125
0 0.5359375 0.65546875 0.0140625 0.065625
4 0.45078125 0.86484375 0.04375 0.04296875