8 0.35078125 0.4375 0.0703125 0.22265625
6 0.85859375 0.721875 0.15 0.53125
6 0.45078125 0.5703125 0.1078125 0.6046875
3 0.47265625 0.3078125 0.0375 0.0609375
6 0.3546875 0.521875 0.0875 0.49375
5 0.4453125 0.478125 0.07109375 0.26875
2 0.4765625 0.628125 0.021875 0.04140625
7 0.35078125 0.740625 0.046875 0.0359375
7 0.44375 0.834375 0.05625 0.0484375
3 0.37421875 0.309375 0.034375 0.046875
4 0.803125 0.915625 0.040625 0.0453125
1 0.4109375 0.31171875 0.028125 0.05234375
2 0.80703125 0.7125 0.01875 0.034375
4 0.86640625 0.96953125 0.03359375 0.03046875
7 0.4078125 0.8125 0.01796875 0.034375