6 0.47421875 0.54765625 0.109375 0.5734375
7 0.46640625 0.79296875 0.05234375 0.04375
6 0.21953125 0.440625 0.0890625 0.4
8 0.47890625 0.475 0.075 0.2390625
1 0.47890625 0.29375 0.04375 0.05625
7 0.2078125 0.61875 0.02734375 0.034375
5 0.221875 0.371875 0.05625 0.159375
0 0.434375 0.5828125 0.021875 0.0578125
2 0.24609375 0.44765625 0.01171875 0.03828125
7 0.44609375 0.7625 0.03203125 0.046875
7 0.2296875 0.60234375 0.02734375 0.034375
2 0.178125 0.43046875 0.0265625 0.04140625
3 0.234375 0.24375 0.034375 0.034375