6 0.52109375 0.44765625 0.09140625 0.33671875
6 0.2890625 0.54765625 0.1046875 0.553125
5 0.2875 0.453125 0.075 0.225
4 0.275 0.79609375 0.0359375 0.040625
5 0.52890625 0.396875 0.0390625 0.159375
4 0.4875 0.5921875 0.025 0.03125
3 0.55078125 0.29921875 0.02578125 0.03359375
4 0.5453125 0.6 0.0265625 0.0171875
2 0.54375 0.484375 0.01171875 0.02890625
2 0.3203125 0.34140625 0.02109375 0.0375
3 0.30859375 0.296875 0.0390625 0.05
2 0.5125 0.4640625 0.009375 0.028125
4 0.290625 0.76640625 0.0328125 0.02109375