4 0.446875 0.5734375 0.0296875 0.01875
5 0.44140625 0.3515625 0.0328125 0.14453125
4 0.6140625 0.7046875 0.021875 0.034375
4 0.59296875 0.7046875 0.01796875 0.03359375
3 0.4515625 0.24140625 0.025 0.0203125
4 0.43125 0.5640625 0.0078125 0.015625
3 0.61796875 0.28515625 0.02421875 0.0203125
2 0.58359375 0.5328125 0.0125 0.0390625
2 0.6421875 0.5359375 0.01484375 0.028125
5 0.61328125 0.44140625 0.06171875 0.1765625
2 0.45390625 0.4390625 0.01328125 0.03046875
6 0.6109375 0.49921875 0.0796875 0.45234375
6 0.4453125 0.40703125 0.04375 0.35390625