6 0.828125 0.69921875 0.13359375 0.559375
6 0.5109375 0.6625 0.1546875 0.671875
5 0.84140625 0.59921875 0.08984375 0.20390625
3 0.83984375 0.44296875 0.034375 0.0453125
1 0.49609375 0.3109375 0.0359375 0.0484375
5 0.5203125 0.59921875 0.1046875 0.2578125
2 0.85234375 0.71875 0.01875 0.03125
4 0.78359375 0.85546875 0.03984375 0.0296875
2 0.4671875 0.725 0.0203125 0.06484375
2 0.44609375 0.546875 0.01796875 0.03515625
8 0.4609375 0.45 0.0484375 0.20625
4 0.79375 0.9 0.0125 0.0421875
3 0.5078125 0.3671875 0.06875 0.0609375
2 0.796875 0.68671875 0.00859375 0.028125