6 0.43046875 0.5015625 0.1109375 0.4703125
1 0.46875 0.2875 0.0359375 0.05625
5 0.515625 0.43671875 0.0609375 0.2546875
7 0.421875 0.7125 0.03671875 0.028125
2 0.5015625 0.56640625 0.0171875 0.0296875
7 0.45859375 0.67265625 0.01875 0.03671875
4 0.4890625 0.7328125 0.0453125 0.03203125
7 0.39375 0.696875 0.0203125 0.028125
8 0.47890625 0.41171875 0.05390625 0.1828125
2 0.46015625 0.44921875 0.01875 0.034375
5 0.421875 0.4328125 0.0703125 0.19375
3 0.5125 0.3140625 0.03671875 0.0515625
3 0.4375 0.30625 0.03203125 0.03515625