6 0.2875 0.4875 0.10625 0.47578125
6 0.41015625 0.46640625 0.08125 0.421875
1 0.2953125 0.271875 0.0390625 0.0421875
0 0.3296875 0.5203125 0.01640625 0.06171875
0 0.24375 0.4984375 0.0171875 0.05859375
0 0.44296875 0.4890625 0.01171875 0.046875
0 0.3765625 0.478125 0.0140625 0.04296875
7 0.28828125 0.70625 0.0484375 0.0328125
4 0.39453125 0.6625 0.0296875 0.0265625
4 0.41328125 0.6453125 0.01171875 0.01640625
3 0.4234375 0.2703125 0.0234375 0.0234375
8 0.2828125 0.4234375 0.0671875 0.19609375
5 0.4171875 0.39453125 0.05 0.1484375