6 0.4640625 0.690625 0.0953125 0.48984375
8 0.7125 0.609375 0.0859375 0.20859375
6 0.7046875 0.6671875 0.1140625 0.478125
5 0.4640625 0.6265625 0.06875 0.19296875
6 0.55625 0.5890625 0.0859375 0.428125
5 0.55625 0.53125 0.0671875 0.16640625
7 0.4796875 0.87890625 0.025 0.034375
4 0.528125 0.7625 0.02109375 0.03515625
7 0.45546875 0.90625 0.01875 0.04375
7 0.65546875 0.859375 0.0234375 0.03125
4 0.5671875 0.76640625 0.021875 0.0359375
7 0.6953125 0.8796875 0.0234375 0.0515625
3 0.47265625 0.475 0.0359375 0.0421875
2 0.5875 0.6109375 0.0171875 0.021875
0 0.66640625 0.67265625 0.015625 0.07109375
2 0.71484375 0.6234375 0.021875 0.03984375
1 0.71953125 0.46953125 0.0390625 0.06328125
3 0.5640625 0.403125 0.0265625 0.03828125