8 0.421875 0.53203125 0.0953125 0.2828125
1 0.43125 0.31328125 0.059375 0.06640625
4 0.60859375 0.921875 0.02109375 0.053125
0 0.64609375 0.67421875 0.0234375 0.0734375
4 0.56015625 0.90546875 0.02890625 0.05
4 0.44609375 0.86328125 0.053125 0.0375
1 0.6140625 0.31875 0.05390625 0.06484375
0 0.54765625 0.65078125 0.015625 0.07109375
4 0.43046875 0.890625 0.03984375 0.06640625
0 0.421875 0.68671875 0.03984375 0.0796875
5 0.61015625 0.53046875 0.0984375 0.25546875
6 0.4328125 0.609375 0.13203125 0.68203125
6 0.5984375 0.621875 0.12265625 0.71796875