6 0.5953125 0.56171875 0.11015625 0.471875
6 0.45234375 0.571875 0.1125 0.596875
6 0.35234375 0.51953125 0.09375 0.4953125
5 0.60234375 0.48515625 0.0890625 0.1796875
8 0.3484375 0.446875 0.07578125 0.221875
3 0.60625 0.3484375 0.034375 0.040625
3 0.4515625 0.2984375 0.0375 0.05
4 0.578125 0.76484375 0.0296875 0.0375
7 0.409375 0.82890625 0.04453125 0.05546875
5 0.465625 0.46796875 0.0734375 0.221875
2 0.56015625 0.55 0.0171875 0.034375
7 0.34921875 0.7421875 0.046875 0.034375
7 0.44921875 0.82265625 0.0359375 0.046875
2 0.48828125 0.5875 0.0171875 0.040625
2 0.63671875 0.57890625 0.0140625 0.02890625
7 0.359375 0.7125 0.01875 0.021875
3 0.36015625 0.28515625 0.03359375 0.0421875
4 0.59296875 0.73984375 0.02421875 0.0453125