5 0.703125 0.421875 0.06328125 0.153125
6 0.6984375 0.48671875 0.0734375 0.4078125
6 0.4796875 0.365625 0.0484375 0.275
5 0.478125 0.31796875 0.0359375 0.09453125
4 0.703125 0.67890625 0.0296875 0.01953125
3 0.7140625 0.29765625 0.025 0.03203125
4 0.49453125 0.47890625 0.0140625 0.015625
4 0.4671875 0.490625 0.01328125 0.02109375
3 0.4875 0.23984375 0.01875 0.021875
2 0.496875 0.3484375 0.0109375 0.0296875
4 0.671875 0.66796875 0.01171875 0.0234375
2 0.67265625 0.5046875 0.0125 0.0375
2 0.74609375 0.48203125 0.0109375 0.0296875