6 0.53125 0.4125 0.08671875 0.378125
5 0.43515625 0.31171875 0.0390625 0.115625
1 0.43046875 0.22265625 0.0296875 0.034375
1 0.53203125 0.2515625 0.03125 0.040625
0 0.5984375 0.24921875 0.0234375 0.03359375
8 0.5328125 0.35 0.059375 0.13828125
6 0.4359375 0.36171875 0.0515625 0.31484375
7 0.42421875 0.48359375 0.025 0.0265625
4 0.51796875 0.56640625 0.01875 0.0296875
0 0.415625 0.36875 0.01171875 0.03125
0 0.4484375 0.3671875 0.0125 0.03125
7 0.4421875 0.49296875 0.021875 0.02578125
4 0.5359375 0.56796875 0.01640625 0.02890625
0 0.46875 0.24765625 0.0203125 0.034375