1 0.28984375 0.26953125 0.04375 0.04609375
3 0.4515625 0.27578125 0.03046875 0.03671875
3 0.60078125 0.3234375 0.03046875 0.02265625
5 0.58515625 0.45 0.08046875 0.1578125
5 0.43203125 0.40859375 0.053125 0.17265625
8 0.27734375 0.4171875 0.06796875 0.196875
2 0.64609375 0.51171875 0.02109375 0.0453125
2 0.509375 0.503125 0.01796875 0.0390625
2 0.45546875 0.4875 0.009375 0.04609375
2 0.396875 0.50703125 0.01796875 0.0484375
2 0.31796875 0.484375 0.0203125 0.04921875
2 0.2265625 0.51015625 0.0203125 0.05390625
4 0.57734375 0.71015625 0.03125 0.05
4 0.5515625 0.70859375 0.021875 0.04609375
4 0.41328125 0.67890625 0.02265625 0.0390625
4 0.4296875 0.67109375 0.03046875 0.03359375
7 0.2875 0.66875 0.03671875 0.040625
7 0.25625 0.68046875 0.0203125 0.03984375
6 0.58046875 0.525 0.15546875 0.4203125
6 0.42734375 0.47890625 0.0828125 0.4421875
6 0.2734375 0.47421875 0.1078125 0.453125