6 0.4578125 0.459375 0.08203125 0.37890625
6 0.3578125 0.421875 0.0765625 0.39140625
6 0.240625 0.42890625 0.075 0.37578125
8 0.359375 0.3640625 0.05859375 0.15
5 0.46875 0.4 0.053125 0.1421875
1 0.3640625 0.24765625 0.03125 0.04140625
4 0.421875 0.60703125 0.03359375 0.025
7 0.24609375 0.584375 0.03125 0.025
3 0.46640625 0.2828125 0.025 0.025
4 0.446875 0.62265625 0.0203125 0.03125
7 0.2234375 0.59765625 0.01953125 0.0328125
7 0.33515625 0.58671875 0.01875 0.02578125
7 0.36171875 0.58828125 0.01953125 0.0296875
5 0.2421875 0.36796875 0.05390625 0.15
2 0.45078125 0.384375 0.0140625 0.0296875
2 0.2140625 0.44140625 0.01171875 0.034375
0 0.33359375 0.34453125 0.02109375 0.028125
3 0.25078125 0.25 0.028125 0.028125
0 0.39296875 0.3546875 0.01875 0.02734375