6 0.6109375 0.54921875 0.09453125 0.45078125
6 0.42734375 0.51875 0.1 0.490625
5 0.6234375 0.49140625 0.0578125 0.190625
1 0.496875 0.296875 0.03046875 0.0515625
4 0.59296875 0.75078125 0.0390625 0.03125
7 0.421875 0.73515625 0.0390625 0.03046875
7 0.46640625 0.61875 0.03046875 0.0296875
4 0.578125 0.721875 0.0375 0.028125
7 0.4890625 0.64296875 0.01640625 0.0328125
8 0.49921875 0.39921875 0.0671875 0.15703125
5 0.43046875 0.44921875 0.078125 0.203125
3 0.625 0.34921875 0.0359375 0.04609375
2 0.46328125 0.5390625 0.015625 0.0375
3 0.446875 0.29921875 0.03046875 0.040625
0 0.50859375 0.375 0.0234375 0.04140625
0 0.484375 0.36171875 0.01953125 0.028125