4 0.4515625 0.83828125 0.04765625 0.03046875
3 0.465625 0.303125 0.04453125 0.05625
3 0.6359375 0.33125 0.03125 0.05625
5 0.6375 0.4875 0.0984375 0.20078125
4 0.6328125 0.83828125 0.02421875 0.03203125
5 0.4390625 0.475 0.05859375 0.23515625
4 0.60078125 0.83515625 0.02265625 0.0375
6 0.63828125 0.5828125 0.21015625 0.5546875
2 0.4796875 0.565625 0.03125 0.0484375
4 0.4625 0.8140625 0.01875 0.01640625
2 0.54609375 0.61015625 0.0234375 0.05546875
2 0.734375 0.590625 0.01953125 0.0453125
2 0.46328125 0.49296875 0.01328125 0.0375
6 0.4515625 0.56171875 0.090625 0.57890625