6 0.86953125 0.6828125 0.1078125 0.5171875
8 0.3921875 0.478125 0.09609375 0.25
6 0.39140625 0.56171875 0.1265625 0.5984375
6 0.209375 0.43671875 0.08203125 0.396875
1 0.4109375 0.2890625 0.04140625 0.0484375
7 0.41328125 0.7765625 0.034375 0.05234375
5 0.20625 0.371875 0.065625 0.15625
7 0.228125 0.60703125 0.0328125 0.03125
3 0.90859375 0.4515625 0.0328125 0.04375
7 0.3515625 0.828125 0.02421875 0.05
0 0.34296875 0.5765625 0.01875 0.07265625
7 0.196875 0.60625 0.0171875 0.0375
2 0.178125 0.45546875 0.0125 0.03515625
2 0.23828125 0.44765625 0.0109375 0.03828125
5 0.859375 0.5890625 0.0734375 0.18125
3 0.21484375 0.25390625 0.02890625 0.0265625
0 0.43515625 0.60859375 0.02578125 0.08359375
4 0.81875 0.81796875 0.01875 0.07109375