3 0.46640625 0.3296875 0.04296875 0.07265625
3 0.6390625 0.41796875 0.0453125 0.07578125
4 0.60546875 0.98359375 0.0203125 0.0328125
4 0.57421875 0.9828125 0.03203125 0.03359375
2 0.6578125 0.7671875 0.02421875 0.04375
2 0.5703125 0.75546875 0.01796875 0.0359375
4 0.45703125 0.88671875 0.0265625 0.05625
4 0.3984375 0.87265625 0.034375 0.05390625
5 0.625 0.60625 0.096875 0.278125
6 0.62109375 0.690625 0.13984375 0.61796875
2 0.4578125 0.52421875 0.02109375 0.0296875
2 0.44765625 0.515625 0.02265625 0.0359375
8 0.453125 0.52421875 0.10859375 0.28671875
6 0.44453125 0.60625 0.1328125 0.6296875