0 0.42890625 0.4484375 0.02265625 0.034375
3 0.44765625 0.275 0.0296875 0.03046875
1 0.3171875 0.2796875 0.04765625 0.05390625
8 0.29375 0.42421875 0.07734375 0.1921875
0 0.33359375 0.41484375 0.02578125 0.034375
7 0.28203125 0.703125 0.03671875 0.0453125
7 0.30859375 0.6734375 0.0359375 0.03984375
5 0.43984375 0.4015625 0.0609375 0.14296875
6 0.43203125 0.47734375 0.09453125 0.4484375
4 0.43359375 0.6640625 0.0234375 0.03671875
4 0.39296875 0.6609375 0.02421875 0.0390625
6 0.30078125 0.47109375 0.1078125 0.490625
3 0.96015625 0.50703125 0.03671875 0.06015625
5 0.9140625 0.6828125 0.078125 0.2375
6 0.93203125 0.7140625 0.12265625 0.525