6 0.63046875 0.44375 0.0921875 0.3953125
8 0.43125 0.38671875 0.05625 0.1796875
1 0.41796875 0.2578125 0.0359375 0.053125
6 0.42734375 0.45625 0.0828125 0.46953125
1 0.6359375 0.2734375 0.034375 0.0421875
5 0.64140625 0.3875 0.0609375 0.1578125
4 0.63046875 0.6203125 0.0390625 0.02421875
7 0.41484375 0.62265625 0.02890625 0.028125
0 0.584375 0.40546875 0.01484375 0.03046875
0 0.42421875 0.45546875 0.025 0.04609375
7 0.42734375 0.64765625 0.0390625 0.04765625
0 0.39296875 0.43203125 0.0203125 0.03984375