6 0.4140625 0.5015625 0.103125 0.4734375
1 0.4703125 0.27421875 0.03203125 0.046875
6 0.51171875 0.5109375 0.0828125 0.49375
3 0.42578125 0.29765625 0.03046875 0.04375
5 0.51640625 0.45625 0.0625 0.234375
8 0.47109375 0.409375 0.0625 0.1765625
7 0.42265625 0.71171875 0.0359375 0.028125
7 0.45859375 0.67265625 0.01875 0.03671875
2 0.49765625 0.571875 0.0125 0.025
4 0.4890625 0.7328125 0.04453125 0.0328125
5 0.40859375 0.43125 0.06953125 0.190625
7 0.39296875 0.7 0.01796875 0.028125
2 0.446875 0.509375 0.0125 0.040625