3 0.59453125 0.31796875 0.02421875 0.0234375
3 0.44609375 0.28203125 0.028125 0.0359375
1 0.28984375 0.26953125 0.0390625 0.04296875
5 0.5890625 0.45546875 0.08125 0.16875
5 0.44140625 0.409375 0.078125 0.1703125
8 0.2765625 0.41640625 0.0703125 0.19296875
2 0.65625 0.525 0.0203125 0.0421875
2 0.5125 0.49921875 0.01875 0.0359375
2 0.48125 0.5109375 0.02109375 0.04453125
2 0.38046875 0.48359375 0.021875 0.04609375
2 0.31953125 0.490625 0.015625 0.04375
2 0.2265625 0.5078125 0.0171875 0.05078125
4 0.57734375 0.7109375 0.0265625 0.05234375
4 0.54453125 0.7015625 0.0296875 0.03984375
4 0.4453125 0.6796875 0.0171875 0.04453125
4 0.40390625 0.6703125 0.02421875 0.0390625
7 0.28828125 0.66953125 0.03671875 0.046875
7 0.25859375 0.6765625 0.021875 0.0515625
6 0.58515625 0.5234375 0.16171875 0.42734375
6 0.4328125 0.4921875 0.121875 0.45
6 0.27265625 0.4734375 0.10703125 0.45625