5 0.2734375 0.4625 0.08125 0.22109375
6 0.30234375 0.54765625 0.2015625 0.540625
6 0.5796875 0.41796875 0.0609375 0.28984375
4 0.2859375 0.77421875 0.03515625 0.0328125
5 0.584375 0.371875 0.04296875 0.115625
4 0.25546875 0.7875 0.021875 0.0453125
3 0.30078125 0.2984375 0.0375 0.04375
3 0.58984375 0.2890625 0.0171875 0.0234375
4 0.565625 0.54375 0.01484375 0.0203125
2 0.21015625 0.39921875 0.028125 0.0328125
2 0.55703125 0.4265625 0.009375 0.02109375
2 0.3875 0.37578125 0.02734375 0.0453125
2 0.603125 0.4328125 0.009375 0.0234375
4 0.57734375 0.528125 0.009375 0.0234375