1 0.4421875 0.31875 0.05859375 0.065625
6 0.4296875 0.61171875 0.08828125 0.64140625
1 0.61875 0.3171875 0.04921875 0.0625
6 0.60625 0.61171875 0.09609375 0.64765625
4 0.58125 0.8921875 0.028125 0.04453125
0 0.5640625 0.63359375 0.01328125 0.05234375
8 0.42734375 0.525 0.07578125 0.28203125
0 0.6453125 0.69453125 0.02109375 0.071875
0 0.4359375 0.68125 0.034375 0.08203125
4 0.615625 0.909375 0.04609375 0.0390625
4 0.4296875 0.89609375 0.05234375 0.05546875
4 0.44921875 0.86171875 0.04375 0.0375
5 0.60703125 0.525 0.090625 0.25