6 0.46015625 0.56015625 0.10546875 0.5796875
5 0.43828125 0.4734375 0.06484375 0.2359375
3 0.465625 0.30390625 0.04375 0.06015625
6 0.63515625 0.58125 0.0890625 0.5546875
3 0.62734375 0.33359375 0.03671875 0.05859375
4 0.6046875 0.83828125 0.0390625 0.0328125
4 0.43203125 0.815625 0.01328125 0.0234375
4 0.459375 0.83203125 0.04453125 0.0234375
4 0.63046875 0.83125 0.015625 0.0265625
2 0.5921875 0.64765625 0.025 0.0515625
2 0.68671875 0.57109375 0.01015625 0.028125
5 0.634375 0.5078125 0.06171875 0.209375
2 0.49609375 0.54765625 0.0328125 0.03671875