4 0.4453125 0.8734375 0.0359375 0.040625
4 0.42890625 0.8375 0.040625 0.02734375
4 0.61328125 0.97265625 0.04296875 0.0265625
2 0.48125 0.646875 0.021875 0.05
2 0.4265625 0.60078125 0.01640625 0.05078125
3 0.475 0.30703125 0.046875 0.0453125
3 0.69609375 0.40859375 0.04609375 0.05859375
2 0.6734375 0.79140625 0.0203125 0.0421875
5 0.67734375 0.63203125 0.10234375 0.2609375
8 0.475 0.51796875 0.08828125 0.27265625
6 0.65859375 0.69140625 0.14140625 0.61484375
6 0.46484375 0.5875 0.11328125 0.61640625