6 0.5390625 0.5375 0.11796875 0.49375
6 0.6578125 0.53671875 0.09609375 0.4671875
8 0.546875 0.475 0.07734375 0.20078125
6 0.8 0.66015625 0.109375 0.52421875
5 0.66328125 0.4578125 0.0734375 0.1734375
5 0.80546875 0.5890625 0.0765625 0.20625
1 0.565625 0.325 0.03828125 0.04765625
3 0.834375 0.4234375 0.03671875 0.0390625
4 0.49296875 0.740625 0.0234375 0.03359375
7 0.6203125 0.721875 0.021875 0.0359375
3 0.67734375 0.32265625 0.02734375 0.0328125
4 0.7828125 0.87890625 0.04140625 0.0390625
2 0.62421875 0.5453125 0.0171875 0.034375
7 0.65625 0.7390625 0.01875 0.0359375
2 0.78046875 0.70625 0.01796875 0.03125
2 0.82265625 0.690625 0.0125 0.028125
2 0.5859375 0.57421875 0.0125 0.0234375
2 0.49453125 0.57109375 0.0171875 0.02890625
4 0.75703125 0.878125 0.028125 0.0546875
2 0.69921875 0.5625 0.0140625 0.03046875
4 0.5359375 0.74375 0.034375 0.03828125