6 0.296875 0.484375 0.06875 0.46875
6 0.4421875 0.475 0.07421875 0.4296875
6 0.58125 0.52421875 0.0765625 0.41484375
1 0.30625 0.27421875 0.04453125 0.04453125
2 0.29375 0.5328125 0.01875 0.05078125
7 0.3 0.703125 0.04375 0.02890625
7 0.3046875 0.68125 0.01328125 0.01875
4 0.440625 0.675 0.02890625 0.0234375
4 0.41640625 0.6671875 0.0171875 0.02265625
8 0.29296875 0.42421875 0.05703125 0.19609375
5 0.44375 0.40625 0.065625 0.16484375
2 0.471875 0.5140625 0.01328125 0.04921875
2 0.4140625 0.478125 0.015625 0.04453125
3 0.4609375 0.275 0.0296875 0.02265625
3 0.603125 0.33671875 0.02734375 0.03671875
2 0.60546875 0.5421875 0.0125 0.04140625
2 0.55625 0.55625 0.01640625 0.0328125
4 0.57734375 0.70546875 0.03203125 0.0375
4 0.553125 0.71015625 0.01875 0.040625
5 0.58359375 0.46875 0.0640625 0.178125