6 0.46796875 0.4875 0.096875 0.440625
6 0.2890625 0.553125 0.1015625 0.54296875
5 0.47578125 0.421875 0.0609375 0.18671875
5 0.28203125 0.4703125 0.0734375 0.2375
4 0.27578125 0.796875 0.0359375 0.040625
3 0.471875 0.290625 0.02578125 0.040625
3 0.31015625 0.30859375 0.0421875 0.053125
2 0.48984375 0.51640625 0.0171875 0.03359375
4 0.44296875 0.690625 0.0328125 0.0265625
4 0.43828125 0.65546875 0.0203125 0.015625
4 0.2875 0.76640625 0.0328125 0.0203125
2 0.29296875 0.35390625 0.02734375 0.03203125
2 0.4359375 0.5140625 0.0140625 0.0390625