2 0.56640625 0.2640625 0.01796875 0.0390625
4 0.61015625 0.71796875 0.02578125 0.03671875
4 0.5734375 0.70390625 0.02890625 0.0359375
7 0.28203125 0.69765625 0.03359375 0.0453125
7 0.30703125 0.6828125 0.03671875 0.0390625
2 0.3328125 0.42890625 0.0171875 0.03203125
1 0.31875 0.28125 0.0453125 0.05703125
8 0.29921875 0.425 0.07265625 0.1875
3 0.628125 0.33125 0.0296875 0.03359375
5 0.6203125 0.43828125 0.0859375 0.13671875
6 0.60625 0.52265625 0.09765625 0.459375
6 0.30234375 0.4890625 0.096875 0.4859375
6 0.96875 0.86171875 0.02109375 0.053125
5 0.96953125 0.70234375 0.0609375 0.20625