6 0.43125 0.47890625 0.0875 0.434375
5 0.4390625 0.4015625 0.0703125 0.140625
8 0.29921875 0.42265625 0.0703125 0.1984375
6 0.30546875 0.4875 0.1046875 0.4703125
1 0.3234375 0.284375 0.0421875 0.0515625
4 0.3921875 0.659375 0.0234375 0.0359375
4 0.43359375 0.6640625 0.02421875 0.0328125
3 0.44375 0.28046875 0.028125 0.0328125
7 0.2828125 0.7 0.0328125 0.03828125
0 0.40546875 0.45390625 0.0171875 0.03984375
0 0.45390625 0.47421875 0.0140625 0.04453125
0 0.35625 0.42265625 0.021875 0.02734375
7 0.30859375 0.6765625 0.03125 0.03125