6 0.396875 0.525 0.08515625 0.4859375
6 0.515625 0.50859375 0.08125 0.4984375
1 0.48125 0.29140625 0.034375 0.059375
7 0.4578125 0.66484375 0.0328125 0.0375
7 0.40390625 0.7390625 0.04296875 0.0296875
3 0.4109375 0.30234375 0.0328125 0.040625
2 0.428125 0.53125 0.01484375 0.0375
7 0.42578125 0.671875 0.01875 0.0359375
8 0.4609375 0.409375 0.059375 0.18203125
4 0.5 0.73515625 0.0421875 0.0296875
5 0.5171875 0.44375 0.0640625 0.221875
4 0.49609375 0.7078125 0.0296875 0.0265625
5 0.39921875 0.43984375 0.06875 0.20078125