8 0.3078125 0.4265625 0.06484375 0.20078125
6 0.3078125 0.49921875 0.090625 0.484375
6 0.64609375 0.64140625 0.1234375 0.57109375
1 0.3203125 0.284375 0.04140625 0.05
5 0.66640625 0.55 0.065625 0.22109375
4 0.61171875 0.89140625 0.0546875 0.0421875
3 0.66015625 0.378125 0.0390625 0.04453125
4 0.328125 0.5875 0.02109375 0.02734375
4 0.6109375 0.85 0.028125 0.03125
0 0.340625 0.30546875 0.01640625 0.0515625
4 0.26953125 0.55859375 0.02265625 0.03984375
4 0.3140625 0.6828125 0.01953125 0.0171875
4 0.3078125 0.7109375 0.0421875 0.03203125