2 0.63046875 0.5609375 0.009375 0.0328125
2 0.58515625 0.55078125 0.0078125 0.03046875
5 0.61953125 0.4578125 0.06953125 0.1484375
3 0.62734375 0.32421875 0.02734375 0.02890625
3 0.459375 0.28125 0.028125 0.04140625
5 0.45078125 0.4078125 0.06796875 0.15234375
2 0.4796875 0.5015625 0.0234375 0.04765625
2 0.40703125 0.4890625 0.02578125 0.0453125
4 0.45078125 0.6734375 0.01875 0.02890625
4 0.41484375 0.66484375 0.0234375 0.028125
7 0.28046875 0.69296875 0.0203125 0.0375
7 0.3109375 0.6796875 0.03671875 0.0359375
2 0.2765625 0.52109375 0.021875 0.0515625
2 0.34140625 0.51328125 0.01640625 0.04765625
8 0.30703125 0.42265625 0.08125 0.19609375
1 0.321875 0.2828125 0.04375 0.059375
4 0.5734375 0.703125 0.02421875 0.0375
4 0.60859375 0.71484375 0.02578125 0.0390625
6 0.60703125 0.5203125 0.09765625 0.434375
6 0.44609375 0.47734375 0.09453125 0.43125
6 0.3046875 0.48828125 0.09453125 0.47265625