6 0.38671875 0.484375 0.096875 0.440625
6 0.2078125 0.36875 0.06328125 0.34375
8 0.13203125 0.3484375 0.05546875 0.15
5 0.20703125 0.3203125 0.0515625 0.1203125
6 0.13671875 0.39375 0.0703125 0.359375
4 0.18984375 0.515625 0.0203125 0.0234375
0 0.2265625 0.3859375 0.0125 0.0375
0 0.159375 0.42421875 0.0125 0.04765625
4 0.2140625 0.521875 0.0125 0.021875
4 0.3734375 0.6765625 0.034375 0.03125
1 0.1390625 0.23984375 0.03046875 0.04140625
3 0.2109375 0.21953125 0.0265625 0.01953125
4 0.1375 0.56171875 0.025 0.01796875
4 0.11796875 0.56015625 0.01015625 0.01953125
4 0.365625 0.6265625 0.01640625 0.040625
5 0.39375 0.42578125 0.075 0.159375
3 0.38828125 0.28984375 0.03671875 0.0375