8 0.571875 0.5125 0.090625 0.2515625
6 0.57890625 0.58359375 0.1703125 0.64765625
1 0.575 0.31875 0.0453125 0.06171875
6 0.271875 0.4515625 0.1015625 0.42265625
4 0.29453125 0.62265625 0.0234375 0.028125
4 0.521875 0.85703125 0.025 0.05
4 0.5859375 0.83125 0.02890625 0.046875
0 0.6171875 0.63671875 0.02578125 0.06796875
0 0.5296875 0.628125 0.02265625 0.0625
1 0.2578125 0.28046875 0.03515625 0.0546875
0 0.28984375 0.4703125 0.02265625 0.046875
5 0.278125 0.3953125 0.0421875 0.1484375
7 0.24921875 0.6109375 0.02890625 0.03046875