6 0.5703125 0.41796875 0.06875 0.29921875
6 0.44921875 0.4328125 0.065625 0.3859375
5 0.45078125 0.37109375 0.059375 0.13828125
5 0.56796875 0.36015625 0.05 0.11484375
3 0.44921875 0.25546875 0.025 0.028125
4 0.5828125 0.546875 0.0140625 0.03046875
4 0.44609375 0.609375 0.0140625 0.025
4 0.5578125 0.55546875 0.01328125 0.01796875
2 0.42109375 0.4515625 0.0125 0.03671875
2 0.540625 0.42265625 0.01171875 0.03203125
3 0.5640625 0.28046875 0.0171875 0.01484375
2 0.4765625 0.44375 0.009375 0.02890625
2 0.6015625 0.42890625 0.0078125 0.02109375
4 0.45546875 0.57890625 0.0109375 0.034375