6 0.66640625 0.7359375 0.1125 0.50390625
8 0.75546875 0.709375 0.0953125 0.2375
6 0.55859375 0.74765625 0.11015625 0.503125
1 0.771875 0.53046875 0.03828125 0.05625
6 0.759375 0.74921875 0.0890625 0.49921875
5 0.5578125 0.709375 0.08046875 0.20625
7 0.5671875 0.9828125 0.03984375 0.0328125
3 0.68828125 0.53046875 0.0328125 0.04765625
4 0.615625 0.940625 0.021875 0.04921875
5 0.678125 0.67421875 0.07890625 0.1921875
3 0.5890625 0.5328125 0.0390625 0.04296875
7 0.7046875 0.97578125 0.021875 0.0484375
2 0.778125 0.7328125 0.015625 0.0375
0 0.70078125 0.7875 0.021875 0.071875