6 0.48046875 0.3140625 0.0484375 0.21328125
5 0.48125 0.275 0.0359375 0.0703125
4 0.69921875 0.6953125 0.03125 0.0296875
4 0.47734375 0.4046875 0.0171875 0.0125
6 0.72421875 0.54921875 0.11953125 0.35625
3 0.76328125 0.40703125 0.0140625 0.0515625
5 0.7109375 0.44765625 0.07578125 0.13359375
2 0.77421875 0.5421875 0.015625 0.0390625
3 0.4796875 0.21640625 0.0140625 0.0125
4 0.48828125 0.40546875 0.0078125 0.0171875
2 0.43984375 0.2359375 0.0125 0.01953125
2 0.521875 0.2484375 0.01171875 0.0171875