8 0.43125 0.39609375 0.0609375 0.171875
6 0.2515625 0.4390625 0.06796875 0.3859375
6 0.43125 0.46015625 0.0890625 0.43203125
1 0.4421875 0.2625 0.0328125 0.0359375
7 0.4421875 0.65 0.028125 0.03359375
7 0.246875 0.6140625 0.03671875 0.0265625
4 0.4921875 0.609375 0.015625 0.02734375
3 0.509375 0.2953125 0.021875 0.0265625
7 0.41328125 0.64296875 0.021875 0.034375
5 0.5 0.39921875 0.05703125 0.134375
2 0.25625 0.45390625 0.0140625 0.0484375
0 0.39609375 0.4625 0.01484375 0.046875
5 0.2453125 0.365625 0.04375 0.15
4 0.45703125 0.59921875 0.015625 0.0234375