1 0.47734375 0.29296875 0.03359375 0.05625
6 0.5140625 0.50859375 0.0875 0.5
7 0.4578125 0.6640625 0.0328125 0.0375
7 0.4078125 0.73046875 0.04140625 0.028125
6 0.39921875 0.5171875 0.0921875 0.48125
3 0.40625 0.303125 0.0328125 0.0390625
4 0.5 0.73515625 0.04375 0.0296875
5 0.515625 0.4453125 0.0640625 0.2140625
8 0.45625 0.4109375 0.05703125 0.1796875
7 0.4265625 0.6734375 0.01796875 0.0328125
7 0.37890625 0.71796875 0.0203125 0.028125
5 0.39375 0.43671875 0.065625 0.20078125
4 0.49609375 0.70703125 0.0296875 0.0265625