0 0.42421875 0.6734375 0.0390625 0.07421875
1 0.43359375 0.3109375 0.05625 0.065625
4 0.6109375 0.9234375 0.01953125 0.04140625
4 0.453125 0.8625 0.0375 0.0359375
4 0.43125 0.88984375 0.04296875 0.07265625
1 0.6046875 0.3484375 0.0578125 0.09453125
4 0.55625 0.90546875 0.034375 0.04453125
0 0.58671875 0.5734375 0.0453125 0.034375
0 0.559375 0.5484375 0.02265625 0.03671875
6 0.6078125 0.61640625 0.121875 0.69453125
6 0.434375 0.6015625 0.11875 0.69140625
8 0.428125 0.52421875 0.09921875 0.315625
5 0.6078125 0.540625 0.09921875 0.2859375