8 0.5453125 0.396875 0.06484375 0.1703125
1 0.55078125 0.26484375 0.03125 0.0390625
1 0.3625 0.27421875 0.0453125 0.0578125
6 0.54765625 0.4734375 0.08203125 0.4515625
5 0.38828125 0.434375 0.053125 0.22109375
7 0.384375 0.76875 0.053125 0.04140625
0 0.3640625 0.4171875 0.02578125 0.05234375
7 0.37421875 0.7421875 0.03359375 0.0359375
0 0.5375 0.38828125 0.02890625 0.0359375
0 0.55 0.42734375 0.03203125 0.04453125
6 0.38203125 0.51640625 0.11640625 0.5875
4 0.5234375 0.6328125 0.0171875 0.03984375
4 0.55078125 0.6359375 0.03203125 0.04140625