6 0.29609375 0.47734375 0.0859375 0.45703125
1 0.3046875 0.27421875 0.04609375 0.04375
2 0.259375 0.51953125 0.01015625 0.04375
2 0.3296875 0.50546875 0.0140625 0.0390625
8 0.29375 0.4234375 0.06875 0.1875
7 0.27421875 0.68828125 0.0171875 0.03359375
7 0.303125 0.68046875 0.03671875 0.03515625
6 0.44140625 0.48203125 0.0828125 0.434375
3 0.45625 0.2765625 0.028125 0.02109375
2 0.475 0.50390625 0.01328125 0.03671875
2 0.40625 0.490625 0.01484375 0.04296875
4 0.4125 0.66328125 0.02109375 0.034375
4 0.44609375 0.6703125 0.02109375 0.03359375
5 0.446875 0.4140625 0.0578125 0.16640625
6 0.5765625 0.51953125 0.08984375 0.42265625
3 0.590625 0.32109375 0.03359375 0.02421875
2 0.6046875 0.5640625 0.0125 0.034375
2 0.5421875 0.53671875 0.01328125 0.03046875
4 0.56171875 0.71015625 0.02734375 0.03046875
4 0.5484375 0.69609375 0.03203125 0.0234375
5 0.5875 0.46328125 0.06484375 0.18203125