6 0.61171875 0.4390625 0.0609375 0.35625
6 0.47421875 0.321875 0.04453125 0.21875
5 0.61640625 0.384375 0.0453125 0.12890625
4 0.5890625 0.60703125 0.0265625 0.01875
5 0.4734375 0.2890625 0.0328125 0.07421875
3 0.6140625 0.27734375 0.021875 0.0265625
2 0.5921875 0.44921875 0.009375 0.0296875
4 0.48046875 0.41328125 0.009375 0.01875
2 0.45703125 0.33125 0.0078125 0.021875
2 0.63203125 0.471875 0.009375 0.0359375
4 0.6140625 0.603125 0.01015625 0.02109375
3 0.4734375 0.21953125 0.0125 0.01171875
4 0.47109375 0.4203125 0.00859375 0.01796875