8 0.421875 0.52890625 0.09296875 0.2828125
1 0.4359375 0.31328125 0.059375 0.06953125
4 0.440625 0.8640625 0.06015625 0.03984375
4 0.43125 0.890625 0.03984375 0.0671875
4 0.6109375 0.92421875 0.01875 0.0390625
4 0.55625 0.903125 0.03203125 0.04609375
5 0.615625 0.534375 0.10390625 0.265625
1 0.5921875 0.38046875 0.05546875 0.10703125
0 0.60078125 0.57109375 0.02890625 0.0453125
0 0.56953125 0.5734375 0.02421875 0.05703125
0 0.58984375 0.5671875 0.01640625 0.03984375
0 0.4265625 0.675 0.04296875 0.0640625
6 0.609375 0.64375 0.14296875 0.65390625
6 0.4390625 0.61171875 0.12890625 0.6984375