6 0.27578125 0.475 0.1046875 0.45625
6 0.5796875 0.53125 0.15625 0.4296875
6 0.43203125 0.484375 0.1203125 0.44375
5 0.4390625 0.41015625 0.07421875 0.16875
8 0.27734375 0.415625 0.0703125 0.19609375
5 0.58359375 0.4546875 0.07890625 0.16875
1 0.2890625 0.26875 0.03828125 0.04453125
4 0.403125 0.671875 0.02109375 0.0390625
3 0.44609375 0.27421875 0.025 0.02890625
7 0.28828125 0.67109375 0.0359375 0.0390625
2 0.5078125 0.4953125 0.01875 0.0375
3 0.590625 0.328125 0.0265625 0.02890625
2 0.64765625 0.5265625 0.0203125 0.040625
2 0.32109375 0.4953125 0.0171875 0.0421875
4 0.4453125 0.68125 0.0171875 0.03828125
4 0.54453125 0.70234375 0.0296875 0.0390625
2 0.38046875 0.484375 0.0203125 0.04609375
4 0.57734375 0.71015625 0.025 0.05
2 0.48203125 0.509375 0.0203125 0.0484375
2 0.23203125 0.51171875 0.015625 0.046875
7 0.2578125 0.678125 0.01875 0.046875