0 0.29765625 0.5140625 0.01796875 0.04765625
1 0.32265625 0.27265625 0.04296875 0.04609375
8 0.3015625 0.41953125 0.071875 0.19140625
7 0.31328125 0.6953125 0.03671875 0.03671875
7 0.28359375 0.6796875 0.021875 0.028125
0 0.540625 0.509375 0.0140625 0.0296875
0 0.47421875 0.49375 0.01640625 0.03671875
5 0.5171875 0.4234375 0.071875 0.1609375
3 0.5203125 0.29375 0.03359375 0.0328125
3 0.65859375 0.375 0.03984375 0.03828125
5 0.6671875 0.53515625 0.10390625 0.19296875
4 0.6078125 0.8875 0.04375 0.05390625
4 0.64140625 0.86015625 0.0140625 0.0375
4 0.5078125 0.68359375 0.0171875 0.02734375
4 0.4796875 0.6734375 0.02578125 0.02578125
6 0.5078125 0.478125 0.09609375 0.43359375
6 0.64609375 0.64609375 0.11953125 0.57578125
6 0.3109375 0.484375 0.10234375 0.48203125