6 0.603125 0.628125 0.11953125 0.684375
1 0.60625 0.33828125 0.06328125 0.1015625
1 0.4390625 0.33046875 0.05625 0.1046875
0 0.3984375 0.66484375 0.03515625 0.0734375
0 0.60859375 0.53359375 0.0421875 0.0453125
0 0.575 0.5296875 0.015625 0.03203125
4 0.428125 0.89921875 0.04453125 0.0765625
4 0.4546875 0.86953125 0.05546875 0.05859375
4 0.55546875 0.903125 0.0453125 0.071875
4 0.60859375 0.9125 0.0296875 0.0859375
8 0.43515625 0.534375 0.0984375 0.26640625
5 0.60390625 0.53828125 0.096875 0.265625
6 0.4328125 0.6109375 0.12421875 0.725