6 0.6234375 0.5578125 0.10546875 0.453125
6 0.34765625 0.5265625 0.1125 0.50625
5 0.6421875 0.5109375 0.06015625 0.2
7 0.31328125 0.7515625 0.0359375 0.03671875
3 0.63046875 0.3515625 0.0390625 0.040625
5 0.3484375 0.453125 0.08359375 0.215625
4 0.59765625 0.725 0.03515625 0.034375
4 0.6140625 0.7609375 0.040625 0.03125
7 0.38671875 0.72109375 0.0234375 0.05703125
2 0.384375 0.540625 0.01328125 0.04375
3 0.3484375 0.3015625 0.0328125 0.0515625
2 0.30390625 0.54140625 0.0125 0.040625
2 0.6609375 0.61015625 0.0140625 0.03046875