0 0.59375 0.4296875 0.0234375 0.0375
0 0.44453125 0.396875 0.01640625 0.01953125
5 0.51171875 0.4140625 0.07734375 0.16171875
3 0.5203125 0.28203125 0.0234375 0.02734375
4 0.50234375 0.66484375 0.021875 0.03125
4 0.48046875 0.6625 0.01640625 0.02421875
8 0.28359375 0.4234375 0.078125 0.2
0 0.33125 0.4953125 0.0234375 0.05625
0 0.2359375 0.50703125 0.02578125 0.065625
1 0.29375 0.26640625 0.046875 0.05234375
7 0.2890625 0.68046875 0.01796875 0.03828125
7 0.26171875 0.690625 0.02109375 0.0375
3 0.86875 0.4765625 0.04296875 0.04140625
2 0.85625 0.84140625 0.02265625 0.021875
5 0.8625 0.68046875 0.09609375 0.2078125
6 0.8578125 0.7109375 0.115625 0.515625
6 0.51328125 0.47890625 0.08828125 0.4546875
6 0.2875 0.484375 0.0953125 0.49140625