8 0.5421875 0.3765625 0.05546875 0.1546875
1 0.54765625 0.25859375 0.02734375 0.0375
4 0.54609375 0.59296875 0.021875 0.02890625
1 0.4359375 0.2234375 0.025 0.028125
4 0.5234375 0.59296875 0.01953125 0.028125
6 0.434375 0.35859375 0.034375 0.29609375
0 0.52109375 0.44921875 0.01328125 0.03984375
5 0.42890625 0.30703125 0.02890625 0.10859375
7 0.43828125 0.48984375 0.03203125 0.0265625
0 0.56875 0.4453125 0.0125 0.0453125
0 0.4375 0.37109375 0.0125 0.0328125
6 0.54609375 0.42890625 0.07265625 0.403125