6 0.44921875 0.27109375 0.04140625 0.17109375
7 0.4578125 0.34609375 0.0078125 0.0140625
7 0.446875 0.346875 0.00859375 0.01015625
4 0.49921875 0.4109375 0.01328125 0.0140625
1 0.50703125 0.22421875 0.0171875 0.02109375
1 0.4515625 0.203125 0.01171875 0.0171875
6 0.5109375 0.3171875 0.0578125 0.20625
5 0.453125 0.2484375 0.02734375 0.06015625
0 0.43125 0.23359375 0.00859375 0.01796875
0 0.4703125 0.234375 0.0078125 0.01640625
0 0.475 0.3125 0.0078125 0.0203125
8 0.509375 0.28828125 0.03515625 0.084375
4 0.5109375 0.41015625 0.01171875 0.0140625
0 0.540625 0.31640625 0.01328125 0.02890625