1 0.50625 0.22265625 0.0171875 0.021875
0 0.490625 0.33125 0.00703125 0.021875
6 0.50390625 0.31484375 0.034375 0.20859375
5 0.4515625 0.2484375 0.02421875 0.06015625
7 0.45859375 0.34609375 0.009375 0.0109375
1 0.45078125 0.2015625 0.0109375 0.0171875
7 0.446875 0.346875 0.00859375 0.009375
0 0.47421875 0.2390625 0.01171875 0.0203125
0 0.4296875 0.24375 0.00859375 0.02265625
6 0.45234375 0.27421875 0.03828125 0.175
4 0.50078125 0.41171875 0.01640625 0.01171875
4 0.5125 0.41171875 0.01015625 0.015625
7 0.50625 0.28828125 0.0328125 0.09140625
0 0.5203125 0.33125 0.0078125 0.0265625