6 0.4328125 0.5 0.1140625 0.46796875
5 0.521875 0.4578125 0.06015625 0.2109375
1 0.46796875 0.29296875 0.0359375 0.05859375
7 0.421875 0.71171875 0.03671875 0.02734375
7 0.45859375 0.67265625 0.01875 0.03671875
2 0.50390625 0.5640625 0.0140625 0.03359375
4 0.49921875 0.734375 0.0421875 0.02890625
7 0.39296875 0.69765625 0.0171875 0.028125
5 0.42265625 0.434375 0.06875 0.19609375
4 0.4953125 0.70625 0.0265625 0.025
0 0.47109375 0.378125 0.02578125 0.04453125
0 0.434375 0.31171875 0.0265625 0.03828125