6 0.44921875 0.40625 0.07734375 0.35859375
6 0.6015625 0.4640625 0.13203125 0.390625
3 0.6046875 0.28203125 0.02109375 0.02421875
5 0.6 0.39375 0.071875 0.1421875
5 0.44765625 0.34609375 0.0609375 0.134375
4 0.58515625 0.63828125 0.0171875 0.028125
4 0.4390625 0.5609375 0.01328125 0.025
3 0.4546875 0.24140625 0.02578125 0.02890625
2 0.66171875 0.46015625 0.0125 0.03515625
2 0.540625 0.46484375 0.0109375 0.03359375
2 0.4140625 0.41796875 0.01328125 0.025
2 0.484375 0.41640625 0.01171875 0.03046875
4 0.6046875 0.6265625 0.0203125 0.03984375
4 0.4640625 0.5578125 0.01953125 0.0234375