6 0.39296875 0.51875 0.0875 0.496875
6 0.52109375 0.51015625 0.0796875 0.49375
8 0.46015625 0.40234375 0.0625 0.1703125
5 0.5234375 0.45 0.05625 0.203125
1 0.48203125 0.29296875 0.0359375 0.06015625
7 0.4578125 0.66484375 0.0328125 0.0375
7 0.403125 0.7390625 0.04296875 0.0296875
3 0.41015625 0.296875 0.0328125 0.03515625
4 0.50078125 0.73515625 0.0421875 0.0296875
7 0.425 0.67109375 0.01796875 0.0375
2 0.421875 0.51875 0.01640625 0.04375
5 0.39453125 0.43671875 0.0671875 0.19765625
4 0.496875 0.70703125 0.0296875 0.0265625
7 0.3765625 0.71953125 0.01796875 0.03359375