6 0.571875 0.540625 0.08515625 0.4625
6 0.16328125 0.44921875 0.0703125 0.43515625
6 0.45 0.45390625 0.09375 0.3984375
5 0.453125 0.3796875 0.0703125 0.1375
8 0.15859375 0.39140625 0.0625 0.190625
5 0.58046875 0.475 0.053125 0.1890625
3 0.5734375 0.325 0.03125 0.03671875
3 0.4515625 0.26875 0.02421875 0.028125
7 0.1609375 0.64609375 0.0328125 0.034375
1 0.17578125 0.25078125 0.034375 0.0421875
4 0.5484375 0.74765625 0.04375 0.03359375
2 0.5578125 0.56953125 0.01484375 0.02421875
7 0.4578125 0.628125 0.01484375 0.034375
2 0.4796875 0.44375 0.01875 0.03203125
7 0.421875 0.615625 0.03125 0.03046875
2 0.16796875 0.49921875 0.0125 0.0203125
2 0.41484375 0.4171875 0.01484375 0.03125
7 0.17578125 0.6234375 0.0203125 0.025
4 0.57421875 0.73671875 0.0109375 0.0265625