4 0.54921875 0.8171875 0.0375 0.0328125
6 0.5828125 0.5734375 0.125 0.51796875
6 0.5796875 0.42421875 0.0421875 0.27265625
3 0.5921875 0.2984375 0.01484375 0.01796875
3 0.60859375 0.34453125 0.0390625 0.05390625
4 0.59296875 0.7859375 0.03359375 0.025
4 0.571875 0.5484375 0.0140625 0.01953125
2 0.5671875 0.44140625 0.00703125 0.0171875
5 0.61171875 0.49375 0.06328125 0.1984375
2 0.6171875 0.6234375 0.01796875 0.04375
2 0.5765625 0.584375 0.00703125 0.0390625
5 0.5796875 0.3953125 0.025 0.13515625