3 0.54765625 0.3296875 0.040625 0.0671875
5 0.54375 0.521875 0.08125 0.2640625
6 0.5375 0.60078125 0.1078125 0.6109375
6 0.9140625 0.684375 0.0984375 0.5
8 0.4421875 0.44375 0.06875 0.2203125
6 0.44375 0.53125 0.0875 0.51484375
2 0.5078125 0.659375 0.02421875 0.04609375
1 0.471875 0.3 0.0328125 0.040625
2 0.5703125 0.63984375 0.01796875 0.0453125
7 0.4984375 0.878125 0.06171875 0.04375
5 0.91875 0.625 0.06875 0.18046875
2 0.91328125 0.72890625 0.015625 0.0265625
4 0.9234375 0.4546875 0.0328125 0.0375
7 0.44453125 0.75703125 0.04609375 0.04375
2 0.484375 0.3171875 0.02421875 0.0328125