8 0.3390625 0.365625 0.05078125 0.15859375
5 0.4515625 0.4015625 0.0625 0.159375
6 0.44765625 0.45546875 0.0828125 0.38125
6 0.23515625 0.428125 0.0703125 0.3765625
6 0.33984375 0.41875 0.06953125 0.3890625
1 0.35859375 0.2484375 0.0328125 0.04375
4 0.415625 0.61015625 0.0265625 0.0265625
3 0.453125 0.278125 0.025 0.025
7 0.2453125 0.58359375 0.03125 0.02734375
4 0.4484375 0.61796875 0.0171875 0.03046875
7 0.221875 0.596875 0.01953125 0.034375
2 0.46953125 0.478125 0.0125 0.02890625
2 0.25625 0.43046875 0.0125 0.03203125
2 0.2140625 0.45546875 0.01328125 0.0375
7 0.33046875 0.5875 0.0265625 0.03125
5 0.23203125 0.36875 0.05078125 0.15
0 0.33203125 0.40625 0.01953125 0.04921875
3 0.2390625 0.24765625 0.0265625 0.03203125