6 0.6015625 0.54765625 0.10234375 0.453125
8 0.4890625 0.41640625 0.065625 0.18359375
5 0.615625 0.47421875 0.0578125 0.16953125
1 0.48515625 0.29765625 0.0328125 0.0578125
5 0.42109375 0.4453125 0.0734375 0.196875
7 0.446875 0.6625 0.028125 0.0328125
7 0.421875 0.73515625 0.03828125 0.03125
4 0.5890625 0.74765625 0.04140625 0.03203125
3 0.6140625 0.340625 0.0359375 0.0359375
2 0.55390625 0.45390625 0.01484375 0.02421875
3 0.4328125 0.30078125 0.0328125 0.0390625
7 0.4859375 0.6765625 0.01796875 0.0359375
7 0.39453125 0.71875 0.01875 0.02578125
4 0.58125 0.71953125 0.0296875 0.0265625
0 0.4859375 0.49140625 0.0171875 0.05859375
0 0.47421875 0.41484375 0.0140625 0.03359375
6 0.41328125 0.51171875 0.08828125 0.515625
6 0.49140625 0.4859375 0.0796875 0.4296875