6 0.52734375 0.478125 0.09765625 0.49296875
5 0.5296875 0.40625 0.075 0.178125
8 0.40234375 0.546875 0.09765625 0.28515625
6 0.40859375 0.60546875 0.12421875 0.659375
1 0.40234375 0.321875 0.05 0.07109375
1 0.52734375 0.26875 0.03203125 0.04296875
0 0.55859375 0.49921875 0.0203125 0.05
4 0.43671875 0.90078125 0.04375 0.05
0 0.47890625 0.47265625 0.0171875 0.0375
4 0.4015625 0.9 0.0234375 0.05234375
0 0.453125 0.66640625 0.02421875 0.0765625
4 0.5 0.6828125 0.015625 0.03125
4 0.53203125 0.68046875 0.0140625 0.03125