3 0.4484375 0.303125 0.0453125 0.05546875
3 0.6140625 0.353125 0.04375 0.059375
5 0.4453125 0.50390625 0.0921875 0.22109375
5 0.60390625 0.51875 0.084375 0.20625
2 0.453125 0.4828125 0.0296875 0.0515625
2 0.42734375 0.48359375 0.015625 0.0453125
2 0.565625 0.646875 0.021875 0.040625
2 0.621875 0.3828125 0.01796875 0.040625
4 0.4171875 0.8640625 0.03203125 0.05078125
4 0.46953125 0.8765625 0.02734375 0.05078125
4 0.578125 0.8671875 0.034375 0.046875
4 0.61640625 0.86953125 0.03359375 0.04453125
6 0.60390625 0.6125 0.1296875 0.5953125
6 0.44765625 0.58671875 0.13046875 0.62890625