8 0.75234375 0.68984375 0.0921875 0.225
6 0.54609375 0.74296875 0.11640625 0.51171875
6 0.7578125 0.74296875 0.09609375 0.5109375
1 0.7609375 0.5109375 0.0390625 0.046875
5 0.6703125 0.67890625 0.07890625 0.2171875
5 0.54453125 0.68203125 0.08203125 0.20625
7 0.565625 0.98046875 0.03984375 0.03671875
3 0.671875 0.51875 0.0390625 0.0390625
7 0.5234375 0.9578125 0.01875 0.0359375
2 0.59296875 0.784375 0.0125 0.03125
7 0.6140625 0.94140625 0.0203125 0.04765625
7 0.6640625 0.96640625 0.0359375 0.0421875
3 0.56953125 0.51953125 0.03984375 0.0421875
6 0.65859375 0.74609375 0.0828125 0.50703125