7 0.4625 0.4015625 0.01015625 0.01171875
7 0.44765625 0.40234375 0.0078125 0.0125
6 0.5234375 0.33046875 0.046875 0.23671875
4 0.51640625 0.4328125 0.01015625 0.01640625
5 0.453125 0.27265625 0.0328125 0.07734375
1 0.45390625 0.2125 0.015625 0.02265625
1 0.5265625 0.228125 0.01953125 0.0234375
0 0.5125 0.340625 0.00859375 0.01484375
0 0.4375 0.315625 0.00625 0.02578125
0 0.5453125 0.34296875 0.0109375 0.03046875
0 0.46875 0.3203125 0.00859375 0.02109375
6 0.453125 0.30078125 0.0375 0.23125
4 0.5296875 0.43203125 0.01484375 0.0296875
8 0.525 0.2984375 0.0359375 0.0890625