6 0.44140625 0.5671875 0.1125 0.59609375
3 0.43515625 0.29609375 0.03671875 0.04765625
4 0.42265625 0.84296875 0.021875 0.046875
6 0.6390625 0.5921875 0.07890625 0.57578125
4 0.46171875 0.8375 0.021875 0.0484375
4 0.6203125 0.8546875 0.0265625 0.04609375
4 0.6390625 0.8453125 0.0359375 0.0453125
3 0.65 0.3265625 0.03515625 0.0421875
2 0.6171875 0.64375 0.01875 0.0625
2 0.6734375 0.61640625 0.01953125 0.0421875
2 0.48125 0.60859375 0.0140625 0.05234375
2 0.38828125 0.60546875 0.01328125 0.0515625
5 0.43828125 0.48046875 0.090625 0.215625
5 0.6390625 0.515625 0.06640625 0.22578125