6 0.6640625 0.48125 0.1015625 0.36015625
8 0.48203125 0.5203125 0.1 0.2796875
6 0.48203125 0.625 0.125 0.70859375
1 0.46796875 0.30234375 0.05 0.06015625
7 0.46953125 0.921875 0.0640625 0.0515625
5 0.6671875 0.41171875 0.06484375 0.15
3 0.6984375 0.32421875 0.02421875 0.034375
4 0.68984375 0.62890625 0.0328125 0.040625
0 0.43359375 0.6640625 0.01875 0.07421875
4 0.621875 0.61796875 0.0234375 0.0296875
0 0.5265625 0.634375 0.0140625 0.05859375
0 0.709375 0.48984375 0.01953125 0.0515625
0 0.6359375 0.47109375 0.0171875 0.04609375