6 0.43203125 0.50078125 0.1125 0.46875
5 0.52265625 0.4640625 0.0546875 0.2109375
1 0.46171875 0.29140625 0.0359375 0.05625
6 0.5203125 0.5125 0.0765625 0.48203125
7 0.42265625 0.71171875 0.03671875 0.028125
7 0.45859375 0.67265625 0.01875 0.0359375
2 0.51015625 0.5703125 0.01484375 0.0296875
7 0.39296875 0.7 0.0171875 0.02578125
4 0.49921875 0.734375 0.0421875 0.028125
2 0.45546875 0.4515625 0.015625 0.03359375
4 0.4953125 0.70703125 0.0265625 0.025
3 0.4421875 0.32421875 0.03203125 0.03515625
5 0.425 0.4359375 0.07890625 0.1828125
3 0.51171875 0.32265625 0.04296875 0.0421875