6 0.42265625 0.52109375 0.0828125 0.42578125
5 0.5203125 0.465625 0.0609375 0.215625
1 0.46796875 0.29296875 0.034375 0.05625
7 0.421875 0.71171875 0.03671875 0.02734375
7 0.45859375 0.67265625 0.01875 0.0375
4 0.5 0.734375 0.04375 0.028125
2 0.5046875 0.57265625 0.0140625 0.03125
7 0.39296875 0.69765625 0.01796875 0.028125
2 0.453125 0.45390625 0.0140625 0.03203125
4 0.4953125 0.70703125 0.02734375 0.025
5 0.42890625 0.4328125 0.06796875 0.1890625
3 0.44921875 0.3171875 0.02421875 0.0296875
6 0.478125 0.47265625 0.04609375 0.4359375
6 0.52421875 0.5296875 0.06796875 0.45234375