3 0.5984375 0.3234375 0.028125 0.03203125
3 0.43359375 0.27421875 0.03203125 0.0453125
1 0.29765625 0.26953125 0.0328125 0.04296875
2 0.64453125 0.5203125 0.015625 0.03515625
2 0.51484375 0.5 0.01796875 0.04296875
2 0.4625 0.51171875 0.01953125 0.0515625
2 0.39453125 0.46171875 0.01484375 0.0375
2 0.32421875 0.521875 0.0203125 0.04921875
2 0.24921875 0.4828125 0.015625 0.0546875
5 0.58984375 0.45390625 0.071875 0.15390625
5 0.43984375 0.40703125 0.06015625 0.153125
8 0.29296875 0.41875 0.07734375 0.19453125
4 0.571875 0.70703125 0.01796875 0.0453125
4 0.5484375 0.70234375 0.0265625 0.03984375
4 0.425 0.6703125 0.021875 0.0359375
4 0.40625 0.65 0.03203125 0.02890625
7 0.284375 0.68203125 0.0203125 0.04765625
7 0.26796875 0.66171875 0.02734375 0.02734375
6 0.57890625 0.5171875 0.14453125 0.428125
6 0.43046875 0.47109375 0.08359375 0.43203125
6 0.28671875 0.47734375 0.09375 0.45859375