3 0.6421875 0.32890625 0.03203125 0.0578125
5 0.64140625 0.490625 0.09375 0.215625
3 0.421875 0.2921875 0.03515625 0.0484375
4 0.63203125 0.82265625 0.0265625 0.03125
4 0.60625 0.81875 0.0125 0.02578125
4 0.44765625 0.80390625 0.02734375 0.03515625
2 0.35390625 0.48671875 0.0296875 0.0359375
5 0.434375 0.45625 0.0875 0.2171875
2 0.4671875 0.5171875 0.01875 0.04296875
2 0.54375 0.55625 0.02734375 0.04765625
2 0.73046875 0.57890625 0.01875 0.03828125
6 0.6328125 0.56875 0.20234375 0.53828125
6 0.40625 0.54453125 0.1375 0.5515625
4 0.415625 0.79140625 0.0375 0.04453125