3 0.59140625 0.3171875 0.034375 0.0296875
3 0.4421875 0.2734375 0.02890625 0.0328125
1 0.290625 0.26953125 0.0421875 0.0421875
5 0.58828125 0.45859375 0.04765625 0.17265625
5 0.42890625 0.40390625 0.0734375 0.16640625
8 0.2734375 0.41796875 0.0578125 0.19765625
2 0.56484375 0.53125 0.01640625 0.040625
2 0.471875 0.50078125 0.01796875 0.04453125
2 0.3734375 0.48203125 0.01875 0.046875
2 0.26796875 0.52578125 0.0109375 0.05078125
4 0.5578125 0.71328125 0.040625 0.03203125
4 0.56171875 0.6953125 0.0234375 0.01953125
4 0.43359375 0.66640625 0.01796875 0.0359375
4 0.4 0.66484375 0.01875 0.0328125
7 0.28515625 0.66875 0.03828125 0.03125
7 0.26015625 0.6859375 0.01796875 0.04375
6 0.575 0.52109375 0.0734375 0.42578125
6 0.42265625 0.471875 0.1171875 0.42734375
6 0.278125 0.47890625 0.06875 0.46328125