2 0.4546875 0.33203125 0.01640625 0.03203125
4 0.4734375 0.59296875 0.025 0.025
4 0.59453125 0.65625 0.03125 0.01640625
4 0.4546875 0.609375 0.01171875 0.025
2 0.61015625 0.4203125 0.02265625 0.03359375
5 0.4671875 0.36953125 0.05625 0.13515625
5 0.615625 0.40625 0.0515625 0.1265625
3 0.4703125 0.24921875 0.02890625 0.0234375
3 0.6046875 0.29140625 0.03125 0.01796875
2 0.59296875 0.49453125 0.0125 0.0375
2 0.4921875 0.44296875 0.01484375 0.03515625
6 0.61171875 0.48359375 0.0703125 0.4125
6 0.465625 0.43125 0.06796875 0.38828125
4 0.63203125 0.67734375 0.01640625 0.0421875