6 0.4203125 0.47890625 0.0875 0.434375
5 0.428125 0.3953125 0.06640625 0.1375
6 0.2984375 0.484375 0.09375 0.475
8 0.29453125 0.42265625 0.071875 0.196875
5 0.7578125 0.584375 0.08515625 0.19140625
6 0.753125 0.69140625 0.13125 0.565625
1 0.30703125 0.271875 0.040625 0.04609375
4 0.3921875 0.66015625 0.021875 0.034375
3 0.43359375 0.28125 0.0265625 0.034375
3 0.796875 0.43203125 0.0375 0.04375
4 0.4328125 0.6625 0.02421875 0.034375
7 0.28203125 0.69921875 0.0328125 0.0390625
0 0.41796875 0.44453125 0.01875 0.0421875
4 0.70625 0.834375 0.0421875 0.04296875
2 0.71484375 0.68984375 0.0171875 0.025
2 0.8171875 0.66171875 0.01640625 0.028125
0 0.33671875 0.4125 0.025 0.0328125
2 0.4328125 0.45546875 0.01953125 0.0453125
7 0.30546875 0.67734375 0.040625 0.0453125