6 0.63203125 0.534375 0.1 0.47109375
6 0.7859375 0.66875 0.12578125 0.51015625
6 0.48515625 0.540625 0.10546875 0.515625
5 0.796875 0.590625 0.0890625 0.196875
8 0.48046875 0.4796875 0.075 0.234375
1 0.50390625 0.315625 0.04296875 0.05
5 0.6421875 0.43046875 0.06171875 0.14609375
3 0.7828125 0.43671875 0.0359375 0.0390625
3 0.65546875 0.321875 0.0328125 0.034375
4 0.7578125 0.8828125 0.0328125 0.04296875
2 0.8046875 0.70625 0.0203125 0.0359375
7 0.6265625 0.73515625 0.0453125 0.040625
7 0.4765625 0.76875 0.0453125 0.02890625
4 0.746875 0.8453125 0.03515625 0.0296875
2 0.51640625 0.58984375 0.0171875 0.04765625
7 0.59765625 0.7234375 0.01796875 0.034375