6 0.64609375 0.44453125 0.08515625 0.3625
5 0.6484375 0.39375 0.05 0.14453125
4 0.63203125 0.60390625 0.025 0.021875
6 0.475 0.3125 0.0390625 0.215625
5 0.475 0.27734375 0.0328125 0.0765625
3 0.64921875 0.275 0.021875 0.025
4 0.65234375 0.6078125 0.0125 0.028125
4 0.46875 0.4078125 0.015625 0.01015625
2 0.6875 0.46640625 0.0078125 0.02734375
2 0.6109375 0.45546875 0.01328125 0.0265625
3 0.4703125 0.2140625 0.01484375 0.0109375
2 0.4609375 0.3234375 0.00703125 0.0171875
2 0.4890625 0.31953125 0.00546875 0.0203125