8 0.30703125 0.43125 0.0703125 0.203125
6 0.3109375 0.4875 0.09296875 0.471875
6 0.64921875 0.6484375 0.121875 0.578125
1 0.3203125 0.28125 0.0421875 0.05078125
5 0.67109375 0.56171875 0.0734375 0.2
2 0.6078125 0.4375 0.021875 0.03046875
0 0.34296875 0.53125 0.01875 0.0671875
3 0.67265625 0.3765625 0.0421875 0.04375
4 0.61328125 0.8921875 0.05625 0.04375
4 0.3046875 0.6984375 0.03125 0.025
0 0.2734375 0.503125 0.0140625 0.0515625
4 0.6109375 0.84921875 0.0296875 0.034375
6 0.1921875 0.3703125 0.06640625 0.3359375
0 0.20078125 0.36171875 0.021875 0.0359375
4 0.17734375 0.51796875 0.021875 0.025
4 0.2015625 0.52265625 0.01796875 0.0234375
4 0.3078125 0.67890625 0.02421875 0.021875
5 0.19453125 0.32890625 0.0578125 0.128125
3 0.190625 0.21953125 0.02265625 0.025