6 0.578125 0.4390625 0.075 0.384375
5 0.58125 0.36796875 0.0546875 0.13515625
8 0.4765625 0.29140625 0.0390625 0.09609375
1 0.47734375 0.21875 0.01875 0.02578125
6 0.47578125 0.3265625 0.0515625 0.2484375
3 0.578125 0.26171875 0.02421875 0.02578125
4 0.56171875 0.58203125 0.0296875 0.0265625
0 0.53203125 0.40078125 0.021875 0.03125
4 0.48203125 0.4265625 0.01171875 0.01875
4 0.4640625 0.42734375 0.0125 0.0171875
0 0.50546875 0.290625 0.01171875 0.02421875
0 0.44921875 0.28671875 0.01171875 0.01953125
0 0.59140625 0.41953125 0.01171875 0.04140625
4 0.578125 0.59921875 0.0234375 0.02734375