4 0.5453125 0.86484375 0.04375 0.0359375
6 0.49140625 0.60078125 0.15390625 0.584375
6 0.5875 0.42890625 0.053125 0.27421875
4 0.44375 0.86953125 0.0484375 0.03203125
4 0.58828125 0.5421875 0.0125 0.01953125
4 0.56640625 0.5578125 0.009375 0.01796875
3 0.53984375 0.34609375 0.04765625 0.0625
2 0.4984375 0.61328125 0.03046875 0.04921875
3 0.59609375 0.3109375 0.01640625 0.0375
2 0.603125 0.45859375 0.00859375 0.01328125
2 0.47421875 0.50859375 0.0171875 0.03203125
5 0.528125 0.52109375 0.08984375 0.22109375
5 0.58828125 0.38125 0.04453125 0.09765625