6 0.653125 0.44765625 0.07578125 0.36796875
5 0.65234375 0.39375 0.0453125 0.13984375
6 0.46796875 0.31015625 0.04375 0.21484375
5 0.46796875 0.27890625 0.03125 0.0734375
3 0.6484375 0.2765625 0.025 0.0265625
4 0.63203125 0.603125 0.028125 0.0171875
4 0.65078125 0.61640625 0.0171875 0.025
4 0.46640625 0.40625 0.0140625 0.0125
2 0.69140625 0.47265625 0.01171875 0.0359375
2 0.62578125 0.45546875 0.01328125 0.0296875
3 0.46953125 0.215625 0.015625 0.0125
2 0.4546875 0.32265625 0.00625 0.015625
2 0.48515625 0.3234375 0.00546875 0.01796875
4 0.47421875 0.39921875 0.00859375 0.01484375