6 0.578125 0.440625 0.075 0.39140625
5 0.578125 0.365625 0.05546875 0.121875
8 0.49765625 0.2875 0.0359375 0.09375
1 0.496875 0.21875 0.01875 0.02578125
6 0.496875 0.32265625 0.04921875 0.2453125
3 0.58203125 0.26015625 0.021875 0.02421875
4 0.5875 0.5875 0.028125 0.02734375
0 0.62890625 0.40625 0.02109375 0.0328125
7 0.503125 0.42734375 0.01171875 0.0171875
7 0.48984375 0.42421875 0.01796875 0.021875
0 0.52265625 0.29140625 0.009375 0.0203125
0 0.4671875 0.284375 0.01171875 0.0234375
4 0.56875 0.60078125 0.0171875 0.03125