6 0.44765625 0.275 0.03359375 0.1828125
4 0.49921875 0.4078125 0.01328125 0.01328125
1 0.5046875 0.225 0.015625 0.02265625
4 0.509375 0.40703125 0.009375 0.01640625
8 0.5046875 0.28671875 0.03515625 0.0859375
7 0.45390625 0.34921875 0.01796875 0.01328125
0 0.4734375 0.3140625 0.00859375 0.025
1 0.446875 0.20390625 0.01328125 0.01796875
5 0.4515625 0.246875 0.01875 0.0640625
0 0.540625 0.3109375 0.0125 0.01953125
6 0.5109375 0.3296875 0.07578125 0.2484375
7 0.44140625 0.3453125 0.00859375 0.01015625