4 0.5734375 0.58046875 0.0171875 0.03046875
6 0.5234375 0.4265625 0.05703125 0.31953125
4 0.59140625 0.60390625 0.0140625 0.025
6 0.596875 0.45546875 0.06484375 0.31953125
3 0.61015625 0.31171875 0.01796875 0.02265625
4 0.51875 0.5734375 0.01875 0.01484375
2 0.621875 0.47890625 0.009375 0.02109375
3 0.540625 0.28671875 0.01875 0.03203125
2 0.53515625 0.453125 0.01015625 0.02890625
4 0.5046875 0.5546875 0.0109375 0.03046875
2 0.5703125 0.46484375 0.00859375 0.025
5 0.59921875 0.4046875 0.04375 0.1265625
5 0.52109375 0.36953125 0.03359375 0.1140625