6 0.13125 0.39375 0.08125 0.35390625
6 0.3515625 0.434375 0.08203125 0.38125
5 0.353125 0.378125 0.06875 0.15
6 0.23359375 0.390625 0.0609375 0.31171875
8 0.1328125 0.346875 0.0578125 0.1515625
4 0.35703125 0.59375 0.0203125 0.03203125
4 0.3328125 0.59296875 0.01875 0.03125
0 0.10234375 0.421875 0.01640625 0.05
4 0.22734375 0.5234375 0.025 0.025
4 0.1171875 0.55546875 0.0328125 0.02265625
0 0.23671875 0.384375 0.015625 0.03125
0 0.3171875 0.45 0.015625 0.0296875
2 0.3828125 0.45234375 0.0109375 0.0234375
0 0.22578125 0.3484375 0.01484375 0.0375
3 0.35859375 0.2578125 0.02109375 0.01796875
3 0.25390625 0.25390625 0.0171875 0.0296875
5 0.228125 0.3375 0.0453125 0.12734375
8 0.12265625 0.2375 0.03203125 0.0328125