6 0.37265625 0.44140625 0.09375 0.415625
8 0.378125 0.38125 0.06640625 0.1625
6 0.2328125 0.41796875 0.10390625 0.37265625
6 0.46640625 0.4890625 0.07734375 0.428125
5 0.4703125 0.42890625 0.05390625 0.1734375
1 0.38671875 0.25390625 0.0328125 0.0375
4 0.45078125 0.68046875 0.0390625 0.03203125
7 0.22734375 0.57265625 0.0296875 0.025
3 0.4609375 0.296875 0.03515625 0.034375
4 0.4390625 0.64765625 0.03515625 0.0265625
2 0.27109375 0.375 0.01875 0.0265625
2 0.4734375 0.52109375 0.01796875 0.0359375
7 0.40625 0.628125 0.01875 0.02890625
5 0.2171875 0.359375 0.05390625 0.14765625
0 0.34453125 0.4328125 0.0125 0.0484375
7 0.3359375 0.6 0.015625 0.03515625
2 0.23046875 0.3921875 0.01015625 0.02578125
3 0.22265625 0.246875 0.02265625 0.02890625
7 0.20625 0.584375 0.0296875 0.02734375