5 0.45234375 0.40390625 0.0609375 0.165625
6 0.24375 0.42578125 0.06875 0.3734375
8 0.35546875 0.36796875 0.04921875 0.159375
6 0.446875 0.45390625 0.08046875 0.3828125
6 0.35 0.41875 0.065625 0.39609375
1 0.35234375 0.24140625 0.0328125 0.034375
4 0.415625 0.609375 0.0265625 0.0265625
5 0.24296875 0.3640625 0.05 0.1484375
2 0.22890625 0.44921875 0.015625 0.040625
7 0.24765625 0.58046875 0.0328125 0.028125
3 0.453125 0.278125 0.025 0.0265625
4 0.4484375 0.61796875 0.0171875 0.03046875
0 0.33828125 0.440625 0.01796875 0.05
2 0.4640625 0.478125 0.01328125 0.03125
7 0.32890625 0.5953125 0.03828125 0.02734375
2 0.26484375 0.4328125 0.0109375 0.0359375
3 0.24921875 0.253125 0.0234375 0.0265625
2 0.42265625 0.46796875 0.01015625 0.03046875
7 0.225 0.59453125 0.0265625 0.0328125