5 0.58671875 0.36875 0.0578125 0.13125
6 0.58515625 0.4375 0.07578125 0.38359375
8 0.49609375 0.2875 0.0359375 0.09609375
6 0.4953125 0.325 0.046875 0.246875
1 0.4984375 0.21875 0.0171875 0.025
4 0.590625 0.5921875 0.0234375 0.0296875
3 0.5875 0.26171875 0.0203125 0.02421875
4 0.5640625 0.596875 0.01484375 0.028125
0 0.6296875 0.415625 0.01796875 0.03359375
7 0.50546875 0.42578125 0.01171875 0.0203125
7 0.4875 0.425 0.01171875 0.02109375
0 0.55078125 0.409375 0.015625 0.03828125
0 0.528125 0.2875 0.0109375 0.021875
0 0.4671875 0.2828125 0.0125 0.0203125