6 0.44765625 0.52734375 0.1125 0.48671875
6 0.54453125 0.51875 0.0828125 0.45390625
7 0.4359375 0.74296875 0.03671875 0.02890625
3 0.46484375 0.31796875 0.0328125 0.053125
4 0.52265625 0.72265625 0.04140625 0.0296875
1 0.49453125 0.30859375 0.0234375 0.0375
5 0.55234375 0.45546875 0.0609375 0.2046875
7 0.40390625 0.71640625 0.0203125 0.0390625
2 0.5359375 0.5625 0.0140625 0.028125
8 0.5203125 0.3921875 0.05078125 0.15625
4 0.54765625 0.696875 0.015625 0.0265625
5 0.44765625 0.45546875 0.0796875 0.2078125