6 0.27109375 0.47578125 0.11015625 0.45625
6 0.4359375 0.4875 0.1296875 0.43515625
8 0.27578125 0.4140625 0.0734375 0.1953125
5 0.4453125 0.41171875 0.0828125 0.15625
5 0.60625 0.46875 0.0765625 0.165625
6 0.5953125 0.5390625 0.10078125 0.4390625
1 0.2859375 0.2671875 0.0375 0.04375
4 0.403125 0.67265625 0.02109375 0.034375
2 0.38125 0.48046875 0.0234375 0.0453125
3 0.453125 0.2828125 0.02734375 0.0390625
7 0.28828125 0.671875 0.0359375 0.03671875
3 0.6203125 0.33125 0.0265625 0.02734375
4 0.5515625 0.71796875 0.03359375 0.034375
4 0.45234375 0.684375 0.01875 0.0375
4 0.5921875 0.72578125 0.0328125 0.04375
2 0.49140625 0.51015625 0.0203125 0.0453125
2 0.3171875 0.4890625 0.0171875 0.04375
2 0.22421875 0.50625 0.015625 0.0453125
2 0.56953125 0.5578125 0.0125 0.028125
7 0.2578125 0.67890625 0.01875 0.04453125
2 0.62578125 0.571875 0.0140625 0.03359375