5 0.41875 0.321875 0.05546875 0.11640625
4 0.52265625 0.596875 0.02109375 0.03046875
8 0.53359375 0.3796875 0.05625 0.1515625
4 0.54375 0.60703125 0.02265625 0.03046875
1 0.53203125 0.2609375 0.0296875 0.03828125
1 0.42734375 0.2328125 0.02265625 0.02890625
6 0.42109375 0.38828125 0.0640625 0.34296875
7 0.41484375 0.5171875 0.0109375 0.021875
7 0.4375 0.4953125 0.0203125 0.04140625
0 0.440625 0.39296875 0.0125 0.03671875
0 0.52578125 0.43359375 0.01953125 0.02890625
0 0.53984375 0.43125 0.0140625 0.0421875
6 0.53125 0.4375 0.07265625 0.41328125