1 0.4765625 0.2953125 0.0328125 0.05625
6 0.3953125 0.515625 0.09375 0.484375
7 0.4578125 0.6640625 0.0328125 0.03828125
7 0.4078125 0.73125 0.03984375 0.0296875
3 0.41171875 0.30546875 0.0359375 0.046875
5 0.39296875 0.4390625 0.06875 0.196875
4 0.5 0.734375 0.0421875 0.02890625
8 0.45546875 0.41875 0.05625 0.18984375
6 0.50390625 0.51015625 0.11015625 0.49453125
4 0.4953125 0.70625 0.02734375 0.02578125
7 0.4265625 0.671875 0.01875 0.03671875
7 0.3796875 0.71484375 0.0203125 0.0328125
5 0.515625 0.44921875 0.0671875 0.2046875