0 0.56875 0.50234375 0.0125 0.053125
0 0.44765625 0.46328125 0.0203125 0.028125
5 0.5203125 0.42109375 0.07265625 0.15546875
4 0.5109375 0.67890625 0.01953125 0.03046875
4 0.48203125 0.6671875 0.02109375 0.0265625
3 0.5234375 0.2875 0.02578125 0.0328125
3 0.759375 0.421875 0.046875 0.0453125
4 0.725 0.9703125 0.05703125 0.05859375
4 0.69296875 0.9546875 0.03671875 0.0484375
2 0.70390625 0.74375 0.01484375 0.02734375
0 0.25 0.5234375 0.021875 0.0609375
0 0.31015625 0.496875 0.0109375 0.05859375
7 0.29765625 0.67578125 0.03515625 0.03671875
7 0.26171875 0.6890625 0.02109375 0.03984375
8 0.28046875 0.425 0.075 0.1921875
1 0.28828125 0.26796875 0.04375 0.0515625
5 0.76328125 0.62265625 0.08984375 0.24765625
6 0.7453125 0.69765625 0.1484375 0.6046875
6 0.52265625 0.4890625 0.10234375 0.43046875
6 0.28515625 0.4765625 0.0875 0.49609375