3 0.47734375 0.31796875 0.0390625 0.04765625
3 0.66015625 0.4046875 0.0421875 0.06015625
4 0.45703125 0.8859375 0.0265625 0.06015625
4 0.3984375 0.8734375 0.0328125 0.053125
4 0.578125 0.98359375 0.03203125 0.03203125
4 0.61328125 0.98359375 0.025 0.0328125
2 0.5890625 0.76953125 0.02109375 0.03671875
2 0.66796875 0.78125 0.02265625 0.04609375
2 0.440625 0.56875 0.02578125 0.04921875
2 0.4171875 0.571875 0.01875 0.059375
8 0.46484375 0.51796875 0.10859375 0.26640625
5 0.64140625 0.61953125 0.0953125 0.2890625
6 0.45078125 0.60390625 0.14375 0.63359375
6 0.63359375 0.6859375 0.1484375 0.62734375