6 0.37109375 0.50078125 0.1 0.4625
8 0.36953125 0.4328125 0.0828125 0.20390625
6 0.259375 0.41796875 0.07109375 0.35
6 0.7046875 0.61015625 0.1421875 0.4921875
5 0.7203125 0.5390625 0.0671875 0.1859375
3 0.75859375 0.38671875 0.0375 0.03828125
7 0.72890625 0.82890625 0.0484375 0.04765625
5 0.26015625 0.3640625 0.0546875 0.14140625
2 0.24765625 0.44296875 0.01328125 0.02578125
7 0.3421875 0.6953125 0.0171875 0.03203125
4 0.2453125 0.571875 0.0140625 0.034375
7 0.62578125 0.7578125 0.021875 0.078125
2 0.715625 0.6265625 0.01953125 0.0375
3 0.38046875 0.28515625 0.0296875 0.04375
7 0.390625 0.709375 0.0375 0.0359375
4 0.265625 0.56796875 0.02734375 0.0234375
3 0.2703125 0.24921875 0.025 0.028125