6 0.8171875 0.6359375 0.1390625 0.5125
6 0.646875 0.58046875 0.1125 0.46484375
5 0.8546875 0.57109375 0.05546875 0.2
7 0.6078125 0.76015625 0.0375 0.03125
4 0.76015625 0.78515625 0.0375 0.03359375
3 0.80625 0.396875 0.0359375 0.0359375
3 0.6703125 0.36796875 0.0328125 0.03984375
2 0.81640625 0.571875 0.0234375 0.03828125
5 0.6578125 0.5046875 0.0765625 0.1859375
1 0.84140625 0.415625 0.04375 0.05859375
7 0.7796875 0.88046875 0.05 0.040625
7 0.67578125 0.78046875 0.03125 0.03671875
4 0.778125 0.8140625 0.03046875 0.028125
7 0.82734375 0.85625 0.03515625 0.0421875
2 0.66328125 0.4734375 0.021875 0.03046875