8 0.35078125 0.45546875 0.0796875 0.228125
6 0.59609375 0.575 0.10625 0.53984375
6 0.35390625 0.51640625 0.09609375 0.48046875
3 0.6046875 0.325 0.0359375 0.04375
6 0.2578125 0.43046875 0.08359375 0.334375
7 0.55703125 0.80390625 0.053125 0.04375
4 0.28671875 0.5765625 0.0265625 0.02734375
7 0.3484375 0.73671875 0.0453125 0.03046875
5 0.61171875 0.4640625 0.05 0.18046875
3 0.36640625 0.29765625 0.03359375 0.0546875
4 0.2453125 0.57421875 0.01328125 0.03046875
7 0.59140625 0.78203125 0.0203125 0.025
2 0.24453125 0.45390625 0.0125 0.0203125
2 0.575 0.4984375 0.02734375 0.034375
3 0.28359375 0.26484375 0.0234375 0.03515625