6 0.559375 0.51796875 0.09375 0.51015625
1 0.56875 0.29453125 0.04296875 0.0515625
7 0.28125 0.61484375 0.0359375 0.03203125
0 0.53203125 0.56328125 0.015625 0.04765625
4 0.53671875 0.73671875 0.02890625 0.04296875
7 0.24296875 0.6125 0.01796875 0.03984375
5 0.2453125 0.3703125 0.059375 0.1578125
1 0.25703125 0.28203125 0.0328125 0.0578125
0 0.28515625 0.4234375 0.0265625 0.05
6 0.271875 0.44921875 0.12265625 0.409375
0 0.5984375 0.57265625 0.01953125 0.07109375
4 0.56875 0.74765625 0.02734375 0.05390625
8 0.565625 0.46328125 0.07578125 0.215625