4 0.603125 0.5796875 0.01640625 0.01640625
4 0.63203125 0.59375 0.01171875 0.0296875
4 0.52734375 0.634375 0.01484375 0.028125
4 0.5109375 0.61171875 0.01640625 0.02109375
5 0.63125 0.40859375 0.05078125 0.13515625
2 0.5859375 0.4296875 0.01484375 0.02890625
2 0.68984375 0.45 0.01484375 0.03203125
2 0.6296875 0.3671875 0.02109375 0.01953125
2 0.453125 0.32890625 0.0203125 0.028125
8 0.5375 0.4046875 0.06796875 0.15234375
3 0.5453125 0.29140625 0.02265625 0.03125
3 0.6359375 0.31875 0.0203125 0.03046875
6 0.54140625 0.459375 0.20078125 0.378125
6 0.6390625 0.45703125 0.121875 0.3171875