4 0.56640625 0.8953125 0.03203125 0.04453125
4 0.60703125 0.89765625 0.02890625 0.04921875
5 0.425 0.46640625 0.09765625 0.22890625
3 0.59765625 0.34296875 0.034375 0.046875
6 0.5984375 0.62265625 0.09765625 0.60390625
4 0.4578125 0.80703125 0.0234375 0.04140625
3 0.42421875 0.29453125 0.03359375 0.04609375
4 0.40390625 0.81875 0.02890625 0.03984375
2 0.44453125 0.446875 0.03046875 0.05
2 0.4171875 0.4421875 0.02890625 0.046875
2 0.63359375 0.66484375 0.0203125 0.06015625
2 0.56015625 0.66640625 0.021875 0.04921875
6 0.42890625 0.5546875 0.08046875 0.5765625
5 0.59765625 0.53046875 0.0875 0.21953125