0 0.42265625 0.428125 0.021875 0.04296875
5 0.4359375 0.40234375 0.07265625 0.15546875
4 0.43515625 0.67265625 0.0234375 0.0328125
4 0.3921875 0.6625 0.02578125 0.03515625
3 0.44609375 0.2859375 0.02734375 0.03828125
3 0.6859375 0.365625 0.034375 0.0515625
4 0.6296875 0.7921875 0.0296875 0.05234375
4 0.60859375 0.71640625 0.0171875 0.0734375
0 0.33046875 0.43515625 0.03046875 0.04453125
7 0.3078125 0.67734375 0.034375 0.0390625
7 0.28125 0.7015625 0.03671875 0.0453125
8 0.29765625 0.4234375 0.075 0.1921875
1 0.30546875 0.27109375 0.04609375 0.05546875
5 0.6546875 0.5015625 0.071875 0.16328125
2 0.43828125 0.41796875 0.01484375 0.01875
6 0.64921875 0.58515625 0.103125 0.4734375
6 0.42890625 0.47890625 0.0953125 0.4328125
6 0.296875 0.4859375 0.096875 0.4828125