6 0.22421875 0.37421875 0.0734375 0.32421875
8 0.1078125 0.35 0.053125 0.1453125
6 0.35 0.4390625 0.075 0.3734375
5 0.228125 0.3234375 0.05234375 0.1171875
6 0.1078125 0.3953125 0.0765625 0.3546875
4 0.11875 0.55078125 0.021875 0.025
4 0.23046875 0.51484375 0.01875 0.0234375
0 0.07890625 0.41875 0.0171875 0.04921875
4 0.3328125 0.58359375 0.03203125 0.02421875
4 0.2109375 0.51328125 0.01484375 0.021875
0 0.253125 0.38046875 0.01171875 0.034375
5 0.3515625 0.3625 0.0515625 0.13828125
0 0.19375 0.38046875 0.01328125 0.03828125
0 0.13046875 0.40625 0.0109375 0.03984375
4 0.1 0.55546875 0.01796875 0.0296875
4 0.35 0.5984375 0.02734375 0.03203125
2 0.35 0.3 0.01875 0.01875
3 0.34921875 0.2640625 0.0359375 0.02265625
3 0.23515625 0.22734375 0.02109375 0.01953125
1 0.1171875 0.23671875 0.03359375 0.0375