3 0.49609375 0.3203125 0.034375 0.06640625
6 0.6703125 0.68515625 0.159375 0.62890625
3 0.70859375 0.428125 0.03984375 0.07421875
5 0.68515625 0.62890625 0.121875 0.29296875
8 0.48671875 0.51015625 0.09921875 0.259375
4 0.44453125 0.8484375 0.02734375 0.040625
4 0.475 0.83828125 0.02265625 0.0390625
4 0.6140625 0.97890625 0.04140625 0.0421875
4 0.64609375 0.9828125 0.0234375 0.03359375
2 0.62265625 0.73828125 0.0171875 0.02890625
2 0.5203125 0.61484375 0.0203125 0.06015625
2 0.428125 0.603125 0.015625 0.053125
6 0.48359375 0.5796875 0.1296875 0.59296875