8 0.15078125 0.3890625 0.0671875 0.1890625
6 0.26015625 0.409375 0.08359375 0.35
6 0.5875 0.565625 0.1046875 0.415625
6 0.1546875 0.44375 0.0828125 0.428125
5 0.58671875 0.475 0.0625 0.13984375
3 0.5546875 0.384375 0.0328125 0.040625
7 0.16796875 0.64140625 0.0265625 0.03125
4 0.55 0.7453125 0.0375 0.0359375
7 0.2796875 0.56015625 0.03125 0.0328125
7 0.140625 0.63125 0.0234375 0.0328125
7 0.22734375 0.546875 0.02265625 0.034375
5 0.26953125 0.33671875 0.0578125 0.12109375
2 0.18515625 0.478125 0.01171875 0.04296875
1 0.16015625 0.24921875 0.03359375 0.0453125
2 0.25078125 0.31484375 0.01640625 0.021875
3 0.27265625 0.2359375 0.02109375 0.02578125