6 0.61015625 0.52734375 0.0640625 0.4703125
6 0.43671875 0.4109375 0.06875 0.35
2 0.40625 0.4296875 0.01796875 0.0171875
2 0.4640625 0.42578125 0.009375 0.028125
2 0.60234375 0.57734375 0.0203125 0.040625
4 0.45234375 0.56484375 0.0171875 0.025
4 0.59765625 0.74921875 0.0375 0.01953125
4 0.61484375 0.73046875 0.034375 0.021875
5 0.4375 0.35703125 0.0515625 0.12265625
5 0.61953125 0.46484375 0.04375 0.178125
4 0.42265625 0.56953125 0.0140625 0.021875
3 0.4375 0.246875 0.01953125 0.0265625
3 0.6078125 0.3125 0.03671875 0.0421875