4 0.57734375 0.52265625 0.0125 0.015625
6 0.6828125 0.57109375 0.096875 0.4734375
2 0.5734375 0.4234375 0.0078125 0.0140625
3 0.690625 0.353125 0.034375 0.04375
4 0.59296875 0.5296875 0.00859375 0.01640625
2 0.6171875 0.425 0.0078125 0.01640625
4 0.65625 0.7796875 0.0375 0.0390625
4 0.646875 0.77421875 0.01796875 0.015625
2 0.71328125 0.56015625 0.0171875 0.0515625
5 0.69140625 0.49375 0.0546875 0.17421875
6 0.5921875 0.41171875 0.0609375 0.25546875
3 0.59765625 0.2953125 0.01640625 0.021875
5 0.59296875 0.3734375 0.0328125 0.10859375