6 0.3734375 0.5015625 0.09765625 0.46796875
6 0.25234375 0.4234375 0.08203125 0.346875
5 0.36328125 0.4375 0.0734375 0.20390625
7 0.3828125 0.709375 0.034375 0.03359375
4 0.2640625 0.5671875 0.0234375 0.021875
2 0.4046875 0.534375 0.0125 0.040625
3 0.3703125 0.29140625 0.03046875 0.0453125
2 0.2703125 0.4203125 0.01875 0.02890625
7 0.346875 0.69375 0.0171875 0.0328125
7 0.93671875 0.83984375 0.0203125 0.04609375
4 0.24375 0.57890625 0.0140625 0.0234375
5 0.25703125 0.35546875 0.05546875 0.10703125
3 0.2625 0.246875 0.021875 0.02734375