6 0.55625 0.61328125 0.1296875 0.61875
6 0.86875 0.68046875 0.125 0.51484375
8 0.46640625 0.453125 0.075 0.1984375
3 0.5828125 0.33046875 0.03984375 0.046875
1 0.4796875 0.30546875 0.03515625 0.0453125
3 0.8921875 0.44375 0.034375 0.03515625
2 0.4953125 0.628125 0.015625 0.040625
2 0.5859375 0.534375 0.02421875 0.03359375
7 0.51953125 0.8609375 0.0390625 0.05
7 0.559375 0.87734375 0.02890625 0.0640625
5 0.5703125 0.5046875 0.0984375 0.2
2 0.4296875 0.55234375 0.0109375 0.02421875
7 0.459375 0.721875 0.03671875 0.0359375
7 0.4234375 0.71015625 0.0296875 0.03203125
4 0.8125 0.88359375 0.0359375 0.03984375
4 0.8421875 0.92734375 0.0234375 0.04296875
5 0.88203125 0.6203125 0.071875 0.1921875