5 0.6140625 0.52421875 0.10546875 0.2625
1 0.42890625 0.31953125 0.0484375 0.0703125
1 0.61015625 0.31171875 0.0453125 0.05625
8 0.43125 0.540625 0.109375 0.275
4 0.45078125 0.8890625 0.0390625 0.05390625
4 0.584375 0.8890625 0.0390625 0.0375
0 0.56796875 0.65234375 0.0140625 0.06328125
4 0.41640625 0.878125 0.025 0.05546875
4 0.61875 0.88828125 0.01640625 0.03125
0 0.37890625 0.64921875 0.00703125 0.04375
0 0.46953125 0.66328125 0.0234375 0.07890625
0 0.65625 0.6375 0.0265625 0.075
6 0.61484375 0.596875 0.11875 0.675
6 0.4390625 0.596875 0.13671875 0.690625