6 0.5703125 0.5125 0.0828125 0.4203125
6 0.43828125 0.4765625 0.08203125 0.4359375
5 0.44609375 0.409375 0.065625 0.15390625
6 0.296875 0.48046875 0.07890625 0.46953125
8 0.3015625 0.41796875 0.0640625 0.184375
5 0.58203125 0.465625 0.053125 0.175
1 0.2953125 0.26875 0.0421875 0.04375
3 0.5859375 0.31796875 0.0265625 0.0296875
4 0.41640625 0.65546875 0.0265625 0.0234375
3 0.44453125 0.27265625 0.0265625 0.03046875
7 0.29140625 0.6890625 0.0265625 0.03828125
2 0.5453125 0.5390625 0.0125 0.0328125
4 0.53828125 0.6953125 0.0390625 0.0328125
2 0.46328125 0.50234375 0.015625 0.04375
4 0.56875 0.69921875 0.01875 0.0328125
2 0.31015625 0.51640625 0.0140625 0.04375
2 0.4046875 0.48125 0.0140625 0.040625
2 0.58984375 0.54296875 0.01015625 0.02734375
4 0.4328125 0.66953125 0.021875 0.0421875
7 0.27578125 0.6640625 0.025 0.0375