3 0.603125 0.35703125 0.040625 0.05078125
3 0.4390625 0.55859375 0.0265625 0.0578125
1 0.3359375 0.3 0.04609375 0.06171875
5 0.61484375 0.5 0.06640625 0.19375
5 0.44296875 0.546875 0.06796875 0.12109375
8 0.30234375 0.41640625 0.07890625 0.2
2 0.62265625 0.58984375 0.01640625 0.0421875
2 0.5828125 0.5640625 0.009375 0.040625
2 0.4453125 0.60390625 0.01640625 0.0328125
2 0.4171875 0.715625 0.01640625 0.03203125
2 0.33046875 0.50703125 0.0125 0.03671875
2 0.284375 0.51796875 0.01796875 0.03359375
7 0.28359375 0.68671875 0.034375 0.04140625
7 0.303125 0.6703125 0.03671875 0.0390625
4 0.6015625 0.77578125 0.0203125 0.04765625
4 0.57578125 0.740625 0.0421875 0.0375
4 0.45078125 0.68359375 0.01953125 0.04140625
4 0.40546875 0.67265625 0.02578125 0.03984375
6 0.59765625 0.57109375 0.10078125 0.4625
6 0.4359375 0.6140625 0.08515625 0.25703125
6 0.309375 0.4890625 0.09296875 0.44375