6 0.5703125 0.57265625 0.09921875 0.503125
4 0.540625 0.80234375 0.0390625 0.03828125
3 0.584375 0.35234375 0.02890625 0.04921875
4 0.55234375 0.77421875 0.021875 0.0203125
6 0.6265625 0.38046875 0.0703125 0.19453125
4 0.62578125 0.471875 0.01015625 0.01171875
3 0.6421875 0.29296875 0.01328125 0.015625
4 0.6125 0.4671875 0.0171875 0.0140625
2 0.6296875 0.32421875 0.00625 0.0171875
2 0.6125 0.61484375 0.01484375 0.03515625
5 0.55859375 0.49921875 0.06328125 0.221875
5 0.63984375 0.34921875 0.03046875 0.0796875