8 0.4359375 0.40546875 0.06484375 0.1859375
6 0.5796875 0.44296875 0.07578125 0.3796875
1 0.4484375 0.2703125 0.0390625 0.05078125
6 0.4390625 0.4890625 0.0875 0.49921875
5 0.578125 0.37265625 0.05625 0.12890625
3 0.58046875 0.26875 0.0234375 0.02734375
0 0.553125 0.45078125 0.01484375 0.04375
4 0.5859375 0.5765625 0.02265625 0.02578125
0 0.4078125 0.4890625 0.0140625 0.040625
0 0.60703125 0.4421875 0.01015625 0.046875
0 0.4703125 0.46171875 0.01328125 0.03046875
7 0.44140625 0.6359375 0.0125 0.025
7 0.42890625 0.6828125 0.01875 0.040625
4 0.56875 0.59140625 0.0171875 0.02890625