6 0.4796875 0.53046875 0.115625 0.4921875
8 0.16796875 0.3703125 0.0625 0.159375
6 0.1609375 0.4203125 0.08046875 0.38671875
5 0.4828125 0.4625 0.0703125 0.196875
3 0.46875 0.309375 0.03828125 0.0359375
4 0.44921875 0.74453125 0.0390625 0.0375
4 0.18046875 0.59375 0.015625 0.028125
3 0.20546875 0.22109375 0.0203125 0.03125
4 0.2046875 0.5140625 0.021875 0.02578125
4 0.13671875 0.58359375 0.025 0.03046875
4 0.44375 0.7046875 0.02421875 0.0515625
0 0.1375 0.45078125 0.0203125 0.04296875
6 0.20546875 0.37578125 0.06171875 0.33046875
5 0.19921875 0.33125 0.05078125 0.13671875