6 0.475 0.4765625 0.1 0.41875
6 0.30625 0.48515625 0.1140625 0.4671875
8 0.30546875 0.42265625 0.08046875 0.19921875
5 0.475 0.39921875 0.075 0.1546875
1 0.30625 0.27421875 0.03671875 0.0453125
0 0.2609375 0.50625 0.0203125 0.059375
3 0.48359375 0.28828125 0.025 0.0328125
4 0.465625 0.665625 0.03046875 0.01953125
7 0.31875 0.68984375 0.021875 0.0359375
0 0.3546875 0.5046875 0.01875 0.0546875
4 0.43984375 0.6640625 0.0171875 0.0234375
7 0.2890625 0.690625 0.0171875 0.03359375
0 0.52734375 0.30625 0.0234375 0.059375
0 0.43046875 0.284375 0.025 0.05078125