5 0.64375 0.4734375 0.096875 0.1890625
6 0.44375 0.521875 0.0734375 0.5375
3 0.63984375 0.32890625 0.02890625 0.04765625
4 0.6453125 0.82109375 0.028125 0.0265625
4 0.4359375 0.75 0.034375 0.01875
4 0.6125 0.7875 0.02421875 0.034375
3 0.42421875 0.2828125 0.0390625 0.04765625
4 0.45 0.77109375 0.03203125 0.046875
5 0.44609375 0.4390625 0.0578125 0.203125
2 0.59375 0.590625 0.01875 0.05234375
2 0.68203125 0.58125 0.01484375 0.05234375
2 0.45625 0.56640625 0.01953125 0.04765625
6 0.63984375 0.56796875 0.1109375 0.53203125