8 0.5328125 0.3671875 0.05 0.14765625
1 0.4359375 0.221875 0.021875 0.028125
6 0.4375 0.3578125 0.05625 0.303125
4 0.51640625 0.56953125 0.01640625 0.025
4 0.5375 0.571875 0.01875 0.02734375
1 0.52734375 0.25234375 0.028125 0.03359375
0 0.58515625 0.409375 0.01796875 0.03515625
7 0.42578125 0.4875 0.015625 0.021875
0 0.4125 0.36875 0.00703125 0.02890625
0 0.46953125 0.41953125 0.01875 0.0328125
0 0.45859375 0.3671875 0.0109375 0.03359375
7 0.44453125 0.4875 0.01328125 0.034375
6 0.5328125 0.4078125 0.09296875 0.3875
5 0.43671875 0.315625 0.03515625 0.11640625