6 0.3609375 0.421875 0.08203125 0.4
8 0.365625 0.35703125 0.0640625 0.1515625
6 0.45703125 0.4578125 0.0796875 0.3828125
5 0.46484375 0.40859375 0.0546875 0.1609375
6 0.225 0.42578125 0.0734375 0.378125
1 0.3703125 0.24453125 0.0296875 0.040625
7 0.24453125 0.58359375 0.034375 0.02734375
4 0.42265625 0.60625 0.03359375 0.0234375
3 0.46484375 0.28203125 0.025 0.025
4 0.44609375 0.62265625 0.02109375 0.03125
7 0.215625 0.5953125 0.02109375 0.034375
2 0.465625 0.4828125 0.01328125 0.02109375
7 0.33671875 0.58984375 0.01953125 0.02421875
2 0.21328125 0.45859375 0.01484375 0.0390625
5 0.22421875 0.36484375 0.04921875 0.13671875
3 0.2296875 0.2453125 0.028125 0.0265625
0 0.33671875 0.23828125 0.0234375 0.0453125
0 0.40859375 0.23984375 0.0234375 0.0453125
7 0.36484375 0.59375 0.01875 0.0296875