6 0.50859375 0.54296875 0.08046875 0.42890625
1 0.4640625 0.2953125 0.0359375 0.0578125
3 0.41171875 0.30546875 0.0328125 0.04296875
7 0.4078125 0.73046875 0.03984375 0.02890625
7 0.4625 0.684375 0.01875 0.0375
7 0.4265625 0.66640625 0.021875 0.034375
7 0.3796875 0.715625 0.0203125 0.02890625
4 0.5 0.734375 0.04375 0.03046875
2 0.45703125 0.48046875 0.015625 0.03046875
5 0.3921875 0.44140625 0.06875 0.1984375
2 0.42109375 0.52265625 0.01171875 0.0375
5 0.5203125 0.4671875 0.05625 0.1890625
6 0.39453125 0.51328125 0.07578125 0.48125
6 0.4578125 0.49609375 0.04765625 0.47265625