2 0.53203125 0.6515625 0.01875 0.046875
2 0.453125 0.45390625 0.0265625 0.040625
2 0.428125 0.453125 0.02265625 0.0390625
3 0.4453125 0.2921875 0.0375 0.03515625
3 0.58515625 0.33203125 0.0359375 0.0296875
4 0.60859375 0.8765625 0.02578125 0.046875
4 0.56484375 0.875 0.02890625 0.0453125
4 0.41640625 0.86328125 0.028125 0.04375
4 0.46796875 0.821875 0.0203125 0.03984375
5 0.58671875 0.525 0.0796875 0.22421875
5 0.44375 0.48046875 0.08671875 0.22109375
6 0.58125 0.6125 0.12109375 0.58046875
6 0.4421875 0.5828125 0.1 0.60859375
2 0.6265625 0.64375 0.0140625 0.03984375