6 0.39921875 0.515625 0.0984375 0.484375
5 0.39453125 0.43984375 0.0671875 0.2
1 0.46015625 0.2890625 0.034375 0.05625
7 0.45859375 0.6625 0.03125 0.0421875
7 0.40859375 0.73046875 0.0390625 0.0296875
3 0.41640625 0.3078125 0.034375 0.04921875
6 0.5140625 0.54921875 0.0828125 0.42109375
7 0.4265625 0.66640625 0.02265625 0.03671875
4 0.5 0.734375 0.0421875 0.02890625
7 0.3796875 0.715625 0.0203125 0.03046875
4 0.4953125 0.70625 0.02734375 0.02578125
2 0.4640625 0.484375 0.01640625 0.0265625
8 0.453125 0.42734375 0.0546875 0.1984375
2 0.42265625 0.52421875 0.0125 0.03671875
2 0.46328125 0.45625 0.0140625 0.021875
5 0.5265625 0.47109375 0.06171875 0.20390625