1 0.43046875 0.31875 0.0515625 0.0671875
5 0.60859375 0.52265625 0.11171875 0.259375
1 0.6078125 0.3140625 0.0484375 0.0578125
6 0.4375 0.6015625 0.13046875 0.64296875
4 0.5796875 0.89296875 0.0328125 0.04296875
4 0.6203125 0.88359375 0.0203125 0.04140625
4 0.41015625 0.88203125 0.02421875 0.03203125
6 0.60703125 0.60546875 0.1296875 0.678125
4 0.446875 0.896875 0.06015625 0.05546875
8 0.43203125 0.52578125 0.096875 0.28203125
0 0.55546875 0.659375 0.025 0.06640625
0 0.46875 0.67421875 0.02890625 0.08203125
0 0.6515625 0.64765625 0.02421875 0.0734375