0 0.28359375 0.52265625 0.0234375 0.06953125
0 0.33515625 0.503125 0.01484375 0.04609375
8 0.3015625 0.41484375 0.0640625 0.17890625
5 0.496875 0.41328125 0.06171875 0.14296875
3 0.50078125 0.2796875 0.0328125 0.0375
0 0.5140625 0.51328125 0.0203125 0.0515625
0 0.45859375 0.4734375 0.01796875 0.04296875
4 0.4859375 0.67421875 0.02421875 0.0328125
4 0.46484375 0.6546875 0.0296875 0.02578125
7 0.2765625 0.69765625 0.02578125 0.04375
7 0.30703125 0.6828125 0.0390625 0.03515625
1 0.31875 0.2734375 0.0421875 0.05
6 0.49296875 0.48125 0.0984375 0.4328125
6 0.30390625 0.4890625 0.09296875 0.49921875