6 0.534375 0.4421875 0.0796875 0.43203125
1 0.53203125 0.26953125 0.0375 0.046875
1 0.40625 0.25234375 0.03359375 0.0375
6 0.4015625 0.43203125 0.06171875 0.428125
4 0.525 0.60546875 0.01953125 0.046875
4 0.5515625 0.61484375 0.02734375 0.05703125
8 0.53125 0.38359375 0.0609375 0.178125
5 0.4 0.3671875 0.0625 0.159375
7 0.4046875 0.609375 0.03046875 0.046875
0 0.5609375 0.43046875 0.01484375 0.04140625
0 0.5015625 0.4578125 0.01796875 0.04609375
0 0.37734375 0.44921875 0.015625 0.0515625
0 0.434375 0.440625 0.01875 0.046875