6 0.37421875 0.49140625 0.0984375 0.44140625
6 0.2546875 0.41875 0.0765625 0.34453125
5 0.36875 0.43359375 0.0796875 0.19921875
7 0.38671875 0.684375 0.0375 0.02890625
7 0.346875 0.69375 0.0171875 0.03515625
2 0.24765625 0.4390625 0.01484375 0.0234375
5 0.2546875 0.36640625 0.06953125 0.14375
3 0.378125 0.290625 0.0296875 0.046875
4 0.26328125 0.5671875 0.0265625 0.025
2 0.4046875 0.521875 0.01171875 0.046875
4 0.2453125 0.578125 0.01484375 0.02734375
2 0.278125 0.43125 0.00859375 0.01640625
3 0.26484375 0.25234375 0.0234375 0.028125