8 0.52421875 0.37109375 0.0515625 0.14921875
1 0.4359375 0.2203125 0.02421875 0.028125
4 0.5375 0.57734375 0.01796875 0.0265625
1 0.528125 0.25625 0.0265625 0.03671875
4 0.51875 0.5796875 0.01640625 0.02734375
6 0.43359375 0.3578125 0.0515625 0.303125
0 0.57578125 0.425 0.01484375 0.0375
0 0.48515625 0.4390625 0.01171875 0.0390625
0 0.41328125 0.371875 0.0125 0.03203125
0 0.45625 0.365625 0.01171875 0.0296875
7 0.428125 0.4875 0.01953125 0.0296875
7 0.4453125 0.4828125 0.02109375 0.034375
5 0.4328125 0.30234375 0.04609375 0.1046875
6 0.5296875 0.4140625 0.0796875 0.39140625