6 0.4578125 0.459375 0.0828125 0.38046875
8 0.35859375 0.3640625 0.0625 0.15625
6 0.35703125 0.42265625 0.078125 0.39296875
5 0.465625 0.41015625 0.05625 0.16015625
6 0.21796875 0.42265625 0.0796875 0.3859375
1 0.365625 0.24921875 0.0296875 0.04453125
7 0.24453125 0.58359375 0.034375 0.02734375
4 0.421875 0.60625 0.03359375 0.0234375
3 0.465625 0.28359375 0.028125 0.028125
4 0.44609375 0.621875 0.0203125 0.02890625
2 0.47109375 0.48984375 0.0125 0.0234375
7 0.334375 0.5875 0.0203125 0.0265625
7 0.21484375 0.5953125 0.02109375 0.034375
7 0.36171875 0.59296875 0.01875 0.028125
2 0.221875 0.4578125 0.015625 0.03203125
5 0.2203125 0.365625 0.0453125 0.15
0 0.4 0.296875 0.01796875 0.05
0 0.32890625 0.28046875 0.01796875 0.0421875
3 0.2328125 0.24375 0.02578125 0.0359375