6 0.39375 0.51484375 0.09375 0.4859375
8 0.4578125 0.4125 0.06484375 0.18515625
7 0.4578125 0.6640625 0.0328125 0.0375
1 0.4765625 0.29375 0.03359375 0.05625
6 0.5125 0.51015625 0.0796875 0.4921875
5 0.3921875 0.440625 0.06953125 0.2
7 0.4078125 0.73125 0.03984375 0.0296875
4 0.5 0.734375 0.04296875 0.03125
3 0.4046875 0.2953125 0.0328125 0.0390625
7 0.4265625 0.67109375 0.01796875 0.0375
7 0.3796875 0.71484375 0.0203125 0.0328125
5 0.521875 0.4546875 0.06015625 0.16953125
4 0.49453125 0.70625 0.0265625 0.025
2 0.36171875 0.525 0.0125 0.04375
2 0.475 0.4953125 0.01015625 0.021875