6 0.8203125 0.70078125 0.11953125 0.5671875
8 0.5 0.48671875 0.0875 0.22734375
1 0.534375 0.32890625 0.04375 0.053125
5 0.83046875 0.61328125 0.0796875 0.203125
6 0.5234375 0.546875 0.06875 0.503125
3 0.8359375 0.43984375 0.0390625 0.03984375
3 0.475 0.28125 0.02421875 0.02890625
7 0.49296875 0.77421875 0.04453125 0.03125
7 0.4625 0.659375 0.025 0.034375
4 0.77734375 0.92265625 0.03359375 0.04140625
4 0.778125 0.8796875 0.0203125 0.04375
7 0.4078125 0.6171875 0.01640625 0.06015625
6 0.4484375 0.4734375 0.08828125 0.41015625
5 0.4625 0.3890625 0.0359375 0.11953125