6 0.45625 0.4578125 0.08125 0.38125
8 0.359375 0.3640625 0.0578125 0.1578125
6 0.35546875 0.421875 0.075 0.39140625
5 0.46171875 0.40546875 0.0546875 0.15390625
6 0.2234375 0.42421875 0.075 0.38203125
1 0.36328125 0.2484375 0.0296875 0.04375
4 0.42265625 0.60625 0.03359375 0.0234375
7 0.24453125 0.584375 0.034375 0.028125
2 0.20859375 0.46171875 0.0171875 0.03359375
4 0.44609375 0.621875 0.02109375 0.02890625
3 0.459375 0.2828125 0.02578125 0.03046875
7 0.21484375 0.5953125 0.02109375 0.034375
2 0.24453125 0.43125 0.0109375 0.0359375
2 0.43203125 0.4703125 0.01171875 0.0296875
7 0.334375 0.5890625 0.01875 0.028125
2 0.47734375 0.490625 0.0109375 0.028125
7 0.36171875 0.59140625 0.01796875 0.028125
5 0.2203125 0.36875 0.0515625 0.146875
0 0.39140625 0.28984375 0.015625 0.03984375
0 0.334375 0.28359375 0.015625 0.03828125
3 0.22578125 0.2453125 0.02890625 0.025