6 0.45703125 0.45859375 0.08046875 0.3796875
6 0.2421875 0.428125 0.071875 0.375
6 0.3578125 0.4203125 0.075 0.3921875
8 0.36171875 0.359375 0.05625 0.146875
1 0.365625 0.246875 0.0296875 0.0390625
5 0.4640625 0.396875 0.05546875 0.14375
4 0.42265625 0.60625 0.0328125 0.0234375
7 0.2453125 0.584375 0.03125 0.0265625
5 0.240625 0.3703125 0.05 0.1484375
2 0.2640625 0.434375 0.01328125 0.034375
4 0.44609375 0.62265625 0.02109375 0.03125
3 0.46796875 0.284375 0.0265625 0.028125
2 0.22109375 0.453125 0.01328125 0.0390625
7 0.3328125 0.5828125 0.0203125 0.02578125
3 0.2453125 0.2515625 0.02421875 0.02734375
7 0.3609375 0.590625 0.01875 0.02890625
2 0.44296875 0.3875 0.0140625 0.028125
0 0.396875 0.3203125 0.015625 0.0265625
0 0.33359375 0.31796875 0.0203125 0.03671875
7 0.21953125 0.59609375 0.0234375 0.034375