8 0.30546875 0.421875 0.0734375 0.19609375
6 0.45625 0.47890625 0.0859375 0.42890625
6 0.60625 0.534375 0.09375 0.42265625
5 0.61640625 0.465625 0.07109375 0.16875
6 0.30859375 0.48515625 0.0953125 0.46484375
1 0.31875 0.27578125 0.0421875 0.0484375
5 0.4609375 0.4078125 0.0609375 0.153125
4 0.42578125 0.65859375 0.02578125 0.028125
3 0.46875 0.284375 0.0328125 0.0390625
3 0.61484375 0.3390625 0.02890625 0.0328125
4 0.5734375 0.703125 0.02421875 0.0359375
4 0.6078125 0.7140625 0.0234375 0.040625
7 0.31015625 0.68046875 0.0359375 0.03515625
2 0.3515625 0.5015625 0.01875 0.03984375
4 0.4609375 0.671875 0.01640625 0.028125
2 0.6265625 0.553125 0.01640625 0.034375
2 0.428125 0.4828125 0.0140625 0.0390625
7 0.28046875 0.68984375 0.01875 0.040625
2 0.271875 0.50859375 0.0140625 0.040625
2 0.5875 0.540625 0.0109375 0.02734375
2 0.45625 0.33359375 0.01640625 0.0421875