8 0.303125 0.43125 0.06953125 0.19765625
6 0.66171875 0.6421875 0.125 0.5703125
5 0.521875 0.42890625 0.0703125 0.1671875
6 0.51171875 0.5078125 0.103125 0.4640625
6 0.3046875 0.49140625 0.09140625 0.4765625
1 0.3125 0.2796875 0.0421875 0.0484375
3 0.51953125 0.296875 0.034375 0.03125
0 0.26953125 0.52265625 0.021875 0.06171875
0 0.503125 0.42421875 0.03125 0.034375
3 0.671875 0.384375 0.0453125 0.040625
4 0.4875 0.67265625 0.0328125 0.02421875
4 0.278125 0.6953125 0.01953125 0.03359375
4 0.51328125 0.69375 0.0203125 0.0296875
5 0.67890625 0.571875 0.07734375 0.2265625
4 0.62421875 0.88515625 0.053125 0.0390625
0 0.334375 0.51171875 0.0140625 0.0546875
4 0.62109375 0.8453125 0.028125 0.03515625
4 0.3140625 0.684375 0.0296875 0.021875