2 0.62109375 0.58671875 0.01953125 0.03125
2 0.58046875 0.56171875 0.0140625 0.03046875
2 0.45859375 0.50390625 0.01953125 0.05
2 0.4125 0.50234375 0.0140625 0.0359375
2 0.33359375 0.4984375 0.015625 0.05234375
2 0.2828125 0.51953125 0.01875 0.0421875
4 0.60078125 0.77578125 0.02265625 0.05703125
4 0.45078125 0.6828125 0.01953125 0.04375
4 0.40390625 0.671875 0.02265625 0.03984375
7 0.28515625 0.69375 0.03046875 0.0484375
7 0.3015625 0.6671875 0.0375 0.04375
3 0.603125 0.34921875 0.03671875 0.05234375
3 0.44609375 0.33515625 0.02890625 0.05625
1 0.33359375 0.29609375 0.0421875 0.06015625
5 0.6109375 0.49453125 0.0703125 0.190625
5 0.4390625 0.43125 0.0828125 0.13984375
8 0.30234375 0.4203125 0.07578125 0.19296875
6 0.6015625 0.56875 0.0921875 0.46875
6 0.50234375 0.50390625 0.0875 0.39453125
6 0.309375 0.49296875 0.0875 0.44765625
4 0.575 0.73984375 0.04609375 0.03046875