8 0.3796875 0.48125 0.0921875 0.2578125
6 0.38359375 0.56875 0.125 0.628125
6 0.2359375 0.43515625 0.07109375 0.38359375
1 0.384375 0.28046875 0.04375 0.053125
5 0.45390625 0.396875 0.0546875 0.15
7 0.403125 0.85 0.03125 0.05625
7 0.3484375 0.8171875 0.0296875 0.053125
2 0.2546875 0.44375 0.0203125 0.03125
7 0.228125 0.609375 0.03203125 0.028125
3 0.45625 0.27890625 0.0203125 0.02421875
4 0.4453125 0.62265625 0.01953125 0.02890625
0 0.3359375 0.59140625 0.01875 0.0734375
2 0.46015625 0.4828125 0.0140625 0.0265625
3 0.23984375 0.253125 0.0265625 0.028125
5 0.22734375 0.375 0.0546875 0.15