6 0.47578125 0.48125 0.090625 0.4046875
6 0.23515625 0.42890625 0.078125 0.38359375
8 0.38203125 0.3875 0.0625 0.1625
6 0.3765625 0.44140625 0.08984375 0.41171875
5 0.484375 0.421875 0.06796875 0.1625
1 0.3953125 0.259375 0.034375 0.0390625
5 0.23515625 0.36796875 0.05546875 0.14765625
3 0.484375 0.2953125 0.025 0.028125
4 0.43671875 0.6453125 0.034375 0.0265625
4 0.46796875 0.659375 0.0203125 0.0328125
7 0.40546875 0.62578125 0.021875 0.0328125
7 0.3421875 0.59609375 0.01796875 0.0359375
2 0.4953125 0.5125 0.01640625 0.0328125
2 0.44609375 0.48984375 0.0140625 0.03125
7 0.23515625 0.596875 0.01953125 0.03125
2 0.203125 0.446875 0.0125 0.0359375
7 0.2171875 0.5734375 0.015625 0.025
2 0.2609375 0.43515625 0.0125 0.0375
0 0.353125 0.4515625 0.01640625 0.05234375
3 0.2421875 0.25 0.02421875 0.0265625