6 0.54375 0.4734375 0.09375 0.478125
8 0.53359375 0.42265625 0.06796875 0.19375
4 0.528125 0.68203125 0.01796875 0.0359375
7 0.390625 0.79609375 0.05234375 0.0421875
4 0.55234375 0.66875 0.02734375 0.034375
1 0.3921875 0.278125 0.04921875 0.0625
5 0.3765625 0.4515625 0.05625 0.2375
1 0.540625 0.275 0.03046875 0.04140625
0 0.50703125 0.5140625 0.01484375 0.040625
7 0.396875 0.7625 0.02109375 0.03203125
6 0.4015625 0.5375 0.13671875 0.58046875
0 0.39375 0.58828125 0.02578125 0.065625
0 0.5703125 0.5015625 0.0140625 0.046875