3 0.43984375 0.2828125 0.053125 0.0515625
3 0.653125 0.32578125 0.03828125 0.0390625
2 0.48671875 0.60234375 0.01796875 0.06015625
2 0.39375 0.628125 0.01875 0.0484375
4 0.42578125 0.85 0.03984375 0.04921875
4 0.46484375 0.84296875 0.0234375 0.0359375
4 0.603125 0.84296875 0.03203125 0.04453125
4 0.6375 0.8515625 0.025 0.040625
2 0.6859375 0.63671875 0.0171875 0.0453125
2 0.5890625 0.63515625 0.01640625 0.05390625
5 0.44140625 0.4875 0.0953125 0.22890625
5 0.6453125 0.5203125 0.09140625 0.215625
6 0.6421875 0.59453125 0.12890625 0.5875
6 0.44296875 0.56015625 0.12421875 0.65390625