6 0.859375 0.6625 0.13671875 0.5359375
6 0.71484375 0.60546875 0.11171875 0.4828125
5 0.8703125 0.57890625 0.084375 0.203125
1 0.88125 0.421875 0.04375 0.05546875
7 0.7828125 0.87890625 0.04921875 0.046875
3 0.7375 0.39296875 0.0375 0.046875
7 0.69375 0.8140625 0.0421875 0.0375
5 0.71328125 0.5234375 0.0515625 0.1828125
7 0.66875 0.77265625 0.01875 0.02890625
7 0.8359375 0.8890625 0.0328125 0.0453125
4 0.8 0.7953125 0.02734375 0.0484375
2 0.76484375 0.521875 0.02890625 0.03828125
2 0.75546875 0.4875 0.0234375 0.0421875