6 0.1203125 0.3921875 0.09609375 0.35625
8 0.12109375 0.34375 0.06484375 0.1578125
6 0.353125 0.43046875 0.07265625 0.378125
6 0.23515625 0.3828125 0.06953125 0.31875
4 0.2265625 0.52265625 0.02421875 0.02578125
4 0.346875 0.596875 0.03203125 0.0296875
4 0.1015625 0.55078125 0.015625 0.025
3 0.36875 0.25703125 0.025 0.0296875
2 0.34296875 0.45546875 0.0140625 0.028125
0 0.08515625 0.4046875 0.0140625 0.040625
5 0.353125 0.371875 0.0484375 0.15
4 0.1234375 0.55 0.0125 0.0296875
0 0.2265625 0.34609375 0.01640625 0.0359375
0 0.146875 0.40625 0.01640625 0.03671875
0 0.2375 0.37421875 0.0125 0.0359375
1 0.125 0.234375 0.03046875 0.03046875
3 0.259375 0.27109375 0.01953125 0.0328125
5 0.234375 0.33203125 0.0546875 0.12109375