3 0.65078125 0.3171875 0.05234375 0.03984375
3 0.45625 0.29453125 0.0578125 0.0578125
2 0.41640625 0.61875 0.0234375 0.0515625
2 0.49140625 0.5453125 0.025 0.04453125
2 0.65546875 0.66328125 0.01796875 0.0375
4 0.434375 0.84921875 0.03984375 0.05234375
4 0.459375 0.80859375 0.0484375 0.04609375
4 0.6296875 0.85390625 0.04609375 0.0359375
4 0.62421875 0.8203125 0.03828125 0.0234375
5 0.43515625 0.48984375 0.0765625 0.23203125
5 0.63828125 0.51328125 0.0640625 0.228125
6 0.44296875 0.56640625 0.1140625 0.6453125
6 0.63828125 0.58046875 0.0859375 0.59140625