8 0.29921875 0.42265625 0.0703125 0.19296875
6 0.6625 0.640625 0.121875 0.55546875
5 0.678125 0.5578125 0.0828125 0.23125
6 0.3015625 0.48984375 0.09296875 0.471875
1 0.32265625 0.27890625 0.04296875 0.04609375
6 0.45234375 0.6125 0.09765625 0.2921875
3 0.675 0.3796875 0.04375 0.04375
7 0.28828125 0.7015625 0.03359375 0.03828125
4 0.46015625 0.71484375 0.0171875 0.0296875
5 0.4578125 0.53515625 0.06953125 0.11796875
4 0.634375 0.884375 0.05234375 0.040625
4 0.628125 0.840625 0.03125 0.04140625
0 0.2859375 0.5171875 0.01875 0.0546875
2 0.66015625 0.409375 0.01640625 0.0359375
0 0.4515625 0.61875 0.02734375 0.0390625
2 0.42109375 0.7078125 0.01953125 0.03671875
3 0.4390625 0.559375 0.028125 0.0453125
7 0.31015625 0.67890625 0.03359375 0.03828125