6 0.63046875 0.4484375 0.0828125 0.40625
6 0.41328125 0.45078125 0.09140625 0.4625
8 0.4140625 0.38828125 0.06640625 0.18125
5 0.6359375 0.38671875 0.06328125 0.146875
1 0.63671875 0.27109375 0.03125 0.0421875
1 0.40703125 0.2515625 0.0359375 0.0546875
7 0.3984375 0.63671875 0.0234375 0.03671875
4 0.61328125 0.60625 0.021875 0.034375
0 0.44453125 0.46875 0.0140625 0.04765625
4 0.64140625 0.6125 0.01640625 0.0328125
0 0.378125 0.46640625 0.0140625 0.04140625
7 0.43359375 0.6390625 0.0171875 0.0375
0 0.60625 0.4453125 0.015625 0.040625
0 0.659375 0.46171875 0.02265625 0.0625