6 0.228125 0.4375 0.07890625 0.3953125
8 0.5921875 0.44765625 0.06875 0.175
6 0.5859375 0.503125 0.0953125 0.43984375
1 0.596875 0.31171875 0.03515625 0.046875
7 0.578125 0.68125 0.02265625 0.03515625
6 0.9515625 0.7125 0.0921875 0.453125
7 0.546875 0.6890625 0.0296875 0.0359375
7 0.20859375 0.615625 0.0265625 0.0359375
0 0.6109375 0.5296875 0.0171875 0.05625
0 0.55625 0.503125 0.0125 0.05
2 0.2515625 0.446875 0.0125 0.0359375
5 0.96328125 0.62421875 0.0484375 0.15390625
2 0.96015625 0.703125 0.01953125 0.03828125
3 0.2390625 0.25 0.01875 0.02265625
5 0.228125 0.37421875 0.05703125 0.1609375
2 0.25078125 0.35 0.01875 0.03203125
3 0.93203125 0.51875 0.0265625 0.046875
7 0.23359375 0.60234375 0.02578125 0.034375