8 0.29765625 0.42421875 0.075 0.190625
6 0.56171875 0.521875 0.090625 0.41640625
6 0.3 0.48359375 0.0984375 0.4625
5 0.44921875 0.4125 0.06796875 0.14765625
6 0.44296875 0.478125 0.096875 0.43359375
5 0.565625 0.45078125 0.0734375 0.15625
1 0.3125 0.27734375 0.0421875 0.05
4 0.4140625 0.66484375 0.02265625 0.03125
3 0.5609375 0.33125 0.028125 0.03828125
2 0.4796875 0.50078125 0.021875 0.04375
2 0.40390625 0.48203125 0.0234375 0.0453125
3 0.459375 0.28125 0.0296875 0.03984375
4 0.4515625 0.67421875 0.01875 0.03125
7 0.30234375 0.68125 0.03359375 0.034375
4 0.56875 0.70703125 0.0234375 0.0375
4 0.5359375 0.69921875 0.01875 0.03046875
2 0.3390625 0.50546875 0.01484375 0.04140625
2 0.53203125 0.53671875 0.0125 0.02734375
7 0.2734375 0.6890625 0.01875 0.040625
2 0.2640625 0.5203125 0.0171875 0.0453125
2 0.58671875 0.5421875 0.01328125 0.0265625