6 0.57265625 0.5375 0.0890625 0.46171875
6 0.48046875 0.45390625 0.0984375 0.38828125
6 0.16328125 0.44765625 0.07421875 0.4375
8 0.159375 0.38984375 0.0609375 0.19609375
5 0.58046875 0.45 0.05625 0.15078125
5 0.4875 0.38046875 0.0640625 0.12265625
3 0.5765625 0.3234375 0.03046875 0.0328125
3 0.48984375 0.27578125 0.0265625 0.0296875
7 0.16171875 0.646875 0.0328125 0.03359375
4 0.5484375 0.74765625 0.0421875 0.03125
7 0.4421875 0.6125 0.0234375 0.034375
1 0.175 0.25 0.034375 0.04140625
7 0.478125 0.6234375 0.01796875 0.0359375
2 0.16796875 0.49609375 0.0109375 0.01796875
2 0.5 0.42265625 0.01875 0.025
2 0.465625 0.4078125 0.01015625 0.01796875
7 0.1765625 0.62421875 0.01875 0.028125