6 0.4546875 0.27734375 0.034375 0.16171875
6 0.50703125 0.3125 0.03359375 0.20859375
1 0.453125 0.20234375 0.01171875 0.01640625
5 0.4515625 0.246875 0.02578125 0.059375
4 0.50078125 0.4125 0.01484375 0.0125
7 0.446875 0.34609375 0.0078125 0.0109375
1 0.5109375 0.22109375 0.01640625 0.02109375
0 0.496875 0.3296875 0.00625 0.01875
0 0.4734375 0.25078125 0.0109375 0.01015625
7 0.45859375 0.34296875 0.01328125 0.015625
4 0.5140625 0.4125 0.01015625 0.0140625
0 0.52578125 0.33203125 0.009375 0.02734375
8 0.5109375 0.29296875 0.03125 0.09453125
0 0.4296875 0.25078125 0.0140625 0.0171875