3 0.596875 0.315625 0.02421875 0.02109375
3 0.4375 0.27734375 0.02890625 0.03359375
1 0.30078125 0.27578125 0.0390625 0.0484375
5 0.5890625 0.45546875 0.07109375 0.17578125
5 0.434375 0.409375 0.07265625 0.159375
8 0.28828125 0.42265625 0.07265625 0.19609375
2 0.65078125 0.521875 0.02109375 0.03828125
2 0.51171875 0.5078125 0.0171875 0.03515625
2 0.45859375 0.49453125 0.01015625 0.040625
2 0.39140625 0.4875 0.01015625 0.046875
2 0.3328125 0.4953125 0.01875 0.05078125
2 0.23515625 0.51171875 0.01875 0.05234375
4 0.57421875 0.70546875 0.02265625 0.04609375
4 0.5484375 0.70234375 0.02265625 0.0390625
4 0.43359375 0.66875 0.0203125 0.03671875
4 0.40078125 0.66484375 0.01875 0.0421875
7 0.2984375 0.6765625 0.03671875 0.04375
7 0.2625 0.68515625 0.01796875 0.053125
6 0.58125 0.51796875 0.15859375 0.42734375
6 0.4296875 0.475 0.0828125 0.43203125
6 0.28359375 0.47734375 0.11640625 0.46015625