6 0.71640625 0.7203125 0.11796875 0.54609375
8 0.7265625 0.6515625 0.0859375 0.22734375
6 0.44609375 0.6625 0.1046875 0.4734375
1 0.7390625 0.47890625 0.0390625 0.0515625
5 0.5578125 0.534375 0.06953125 0.1703125
6 0.5546875 0.5828125 0.09140625 0.43828125
4 0.565625 0.76796875 0.0234375 0.03984375
5 0.43984375 0.59921875 0.0640625 0.1875
4 0.534375 0.7703125 0.0171875 0.0375
2 0.7546875 0.7625 0.015625 0.0453125
7 0.44296875 0.86796875 0.0203125 0.040625
0 0.67109375 0.71171875 0.01875 0.06640625
7 0.4765625 0.84375 0.0375 0.03515625
3 0.5640625 0.41484375 0.02578125 0.03671875
3 0.4546875 0.4515625 0.03515625 0.03671875
2 0.51875 0.5515625 0.0125 0.0296875
7 0.6671875 0.90859375 0.04140625 0.04140625
7 0.696875 0.940625 0.03671875 0.04140625
2 0.57421875 0.615625 0.015625 0.034375