4 0.58671875 0.5640625 0.0109375 0.01953125
6 0.5890625 0.43125 0.05859375 0.2890625
5 0.44609375 0.42109375 0.084375 0.18125
5 0.590625 0.38984375 0.0390625 0.13046875
2 0.60625 0.44921875 0.00859375 0.01875
4 0.56875 0.5546875 0.015625 0.01796875
4 0.4328125 0.70625 0.02265625 0.03046875
4 0.41796875 0.659375 0.01171875 0.02109375
2 0.39765625 0.50234375 0.01484375 0.0421875
3 0.465625 0.3 0.0296875 0.0421875
2 0.49921875 0.4828125 0.01171875 0.025
3 0.5984375 0.3 0.01640625 0.01640625
2 0.56875 0.446875 0.009375 0.01796875
6 0.446875 0.5 0.121875 0.44765625