2 0.49921875 0.503125 0.0203125 0.04609375
2 0.37890625 0.484375 0.021875 0.05234375
2 0.6234375 0.58359375 0.01640625 0.0390625
2 0.57421875 0.55390625 0.01640625 0.04296875
2 0.33125 0.49453125 0.01171875 0.04453125
2 0.265625 0.515625 0.015625 0.04453125
4 0.6 0.775 0.02109375 0.05546875
4 0.57578125 0.73828125 0.040625 0.0421875
4 0.4515625 0.68203125 0.01796875 0.03828125
4 0.40390625 0.67265625 0.021875 0.0375
7 0.30234375 0.66875 0.0375 0.04453125
7 0.2828125 0.6875 0.0265625 0.04609375
3 0.61015625 0.34453125 0.03359375 0.03515625
3 0.45078125 0.28203125 0.02734375 0.04296875
1 0.3203125 0.27734375 0.0421875 0.04453125
5 0.60703125 0.496875 0.07578125 0.1984375
5 0.44296875 0.4109375 0.08359375 0.171875
8 0.30546875 0.4171875 0.06171875 0.1921875
6 0.59921875 0.5671875 0.0890625 0.4703125
6 0.4390625 0.484375 0.13828125 0.43828125
6 0.29921875 0.4828125 0.08125 0.46015625