4 0.59921875 0.70546875 0.0171875 0.03046875
4 0.6265625 0.70234375 0.025 0.03203125
4 0.540625 0.803125 0.0390625 0.034375
3 0.6 0.36640625 0.03359375 0.04921875
4 0.5515625 0.771875 0.021875 0.02265625
3 0.6453125 0.33046875 0.02578125 0.03828125
5 0.634375 0.43203125 0.05546875 0.14375
6 0.56875 0.58125 0.096875 0.4875
2 0.56953125 0.6359375 0.0140625 0.0203125
2 0.6609375 0.3640625 0.0125 0.03203125
5 0.5578125 0.5125 0.0609375 0.221875
2 0.6265625 0.35546875 0.0125 0.0265625
6 0.6390625 0.5171875 0.09921875 0.42265625