5 0.59765625 0.3703125 0.0359375 0.10625
6 0.8984375 0.671875 0.103125 0.52109375
6 0.5953125 0.4109375 0.053125 0.253125
3 0.92109375 0.43671875 0.03125 0.0484375
5 0.9140625 0.58359375 0.05390625 0.175
2 0.8796875 0.7 0.0203125 0.046875
3 0.60234375 0.2984375 0.01484375 0.0234375
4 0.58125 0.515625 0.0125 0.01640625
4 0.5953125 0.5203125 0.01015625 0.0171875
2 0.93203125 0.665625 0.0140625 0.04765625
0 0.61015625 0.42265625 0.0078125 0.02265625
0 0.57890625 0.41953125 0.00859375 0.0171875
4 0.8578125 0.86484375 0.02421875 0.0453125
4 0.87421875 0.90625 0.03125 0.0390625