5 0.5734375 0.36640625 0.071875 0.134375
6 0.5796875 0.43125 0.11171875 0.378125
8 0.478125 0.2953125 0.04296875 0.096875
6 0.47734375 0.33671875 0.05546875 0.26484375
3 0.57734375 0.26015625 0.021875 0.025
1 0.4765625 0.2203125 0.01953125 0.02578125
4 0.58515625 0.58671875 0.02578125 0.02734375
4 0.56171875 0.5875 0.015625 0.028125
7 0.46875 0.45 0.0125 0.01796875
7 0.48359375 0.4390625 0.01171875 0.0171875
0 0.5265625 0.21875 0.01171875 0.0234375
0 0.4390625 0.209375 0.01015625 0.025
0 0.66328125 0.2984375 0.02265625 0.0359375
0 0.496875 0.28125 0.0234375 0.040625