8 0.43203125 0.47890625 0.0921875 0.23515625
6 0.421875 0.553125 0.12421875 0.55078125
5 0.7734375 0.56875 0.096875 0.215625
6 0.759375 0.646875 0.12578125 0.51953125
1 0.43203125 0.31171875 0.040625 0.05390625
3 0.7859375 0.41015625 0.03515625 0.0421875
7 0.409375 0.79140625 0.04375 0.0390625
4 0.7140625 0.87265625 0.02734375 0.0453125
4 0.74140625 0.8734375 0.01875 0.040625
2 0.3390625 0.4578125 0.015625 0.03828125
2 0.7296875 0.66875 0.0125 0.0296875
7 0.32109375 0.60078125 0.0328125 0.0375
5 0.35546875 0.375 0.0375 0.1546875
3 0.33984375 0.25703125 0.03203125 0.03359375