6 0.7171875 0.60546875 0.1 0.4796875
5 0.71484375 0.528125 0.0609375 0.19609375
6 0.853125 0.6328125 0.10625 0.453125
5 0.8671875 0.55625 0.06796875 0.165625
3 0.73984375 0.39609375 0.0359375 0.0484375
6 0.96640625 0.71328125 0.0671875 0.50625
3 0.878125 0.43046875 0.03125 0.03828125
4 0.8046875 0.8 0.0375 0.0328125
4 0.825 0.83125 0.028125 0.03359375
7 0.69296875 0.81484375 0.04375 0.0375
2 0.96171875 0.696875 0.0234375 0.0359375
2 0.7640625 0.49375 0.025 0.04765625
1 0.98671875 0.47734375 0.0265625 0.06328125