6 0.41953125 0.46171875 0.0859375 0.4796875
6 0.6140625 0.44296875 0.0734375 0.39453125
5 0.61953125 0.39140625 0.0515625 0.1609375
1 0.4234375 0.25625 0.03671875 0.05703125
8 0.41328125 0.3921875 0.05546875 0.1875
1 0.61328125 0.2703125 0.03046875 0.040625
7 0.4078125 0.65625 0.03125 0.034375
4 0.60546875 0.59921875 0.034375 0.0234375
0 0.3984375 0.48828125 0.015625 0.04375
4 0.63671875 0.60625 0.01875 0.03828125
0 0.6328125 0.4703125 0.0171875 0.04453125
7 0.4328125 0.6359375 0.03125 0.0421875