6 0.27421875 0.475 0.1015625 0.45625
6 0.4203125 0.47890625 0.1046875 0.440625
6 0.57890625 0.53046875 0.159375 0.428125
5 0.43203125 0.4078125 0.0671875 0.1703125
8 0.27734375 0.415625 0.07109375 0.1984375
5 0.58359375 0.45234375 0.08125 0.1671875
1 0.290625 0.26875 0.03984375 0.04453125
3 0.44453125 0.275 0.0296875 0.034375
7 0.28828125 0.671875 0.0359375 0.0390625
4 0.4265625 0.66796875 0.02890625 0.03828125
3 0.5921875 0.32890625 0.0265625 0.03046875
2 0.37734375 0.49765625 0.0203125 0.046875
2 0.6484375 0.52578125 0.02109375 0.04375
4 0.54375 0.703125 0.0296875 0.040625
4 0.57734375 0.71015625 0.025 0.05078125
2 0.50703125 0.4953125 0.0171875 0.0390625
2 0.31875 0.4984375 0.0140625 0.0421875
2 0.23203125 0.51015625 0.015625 0.046875
7 0.2578125 0.67890625 0.01875 0.04609375
2 0.4640625 0.49375 0.0140625 0.046875
4 0.40703125 0.68046875 0.0234375 0.0421875