8 0.42265625 0.434375 0.07734375 0.20859375
6 0.228125 0.44140625 0.0765625 0.396875
6 0.4234375 0.49921875 0.09453125 0.4953125
1 0.43515625 0.2734375 0.03515625 0.04375
7 0.39921875 0.71796875 0.0375 0.034375
7 0.2078125 0.61796875 0.028125 0.03359375
5 0.3671875 0.37890625 0.04765625 0.13515625
4 0.3453125 0.6015625 0.034375 0.025
3 0.37890625 0.26484375 0.01953125 0.0234375
0 0.453125 0.5375 0.0171875 0.06484375
7 0.37421875 0.69375 0.01875 0.0375
5 0.228125 0.37421875 0.05390625 0.15625
2 0.25234375 0.446875 0.0125 0.040625
3 0.23984375 0.253125 0.0203125 0.0234375
2 0.3390625 0.446875 0.0109375 0.0359375
6 0.365625 0.42578125 0.06171875 0.36953125