6 0.44375 0.4171875 0.05859375 0.33828125
6 0.62265625 0.471875 0.096875 0.3921875
3 0.459375 0.26328125 0.02265625 0.02890625
4 0.43203125 0.57109375 0.0125 0.02265625
4 0.58984375 0.6421875 0.02734375 0.0203125
3 0.63359375 0.29296875 0.02890625 0.03671875
2 0.62421875 0.428125 0.02578125 0.02734375
4 0.62578125 0.6515625 0.01796875 0.03515625
4 0.45546875 0.559375 0.0265625 0.03359375
2 0.4265625 0.434375 0.01171875 0.04296875
2 0.4625 0.4234375 0.01328125 0.0296875
2 0.60078125 0.47734375 0.01484375 0.03828125
5 0.44609375 0.36484375 0.0515625 0.12421875
5 0.62578125 0.40390625 0.06484375 0.13828125