6 0.45703125 0.45859375 0.08125 0.37890625
8 0.3578125 0.3640625 0.0625 0.1515625
5 0.46484375 0.4078125 0.05703125 0.1546875
6 0.2390625 0.428125 0.0671875 0.378125
6 0.3515625 0.41875 0.08671875 0.3890625
1 0.3625 0.24765625 0.0296875 0.04375
4 0.42265625 0.60625 0.0328125 0.025
7 0.3578125 0.58671875 0.01796875 0.02890625
2 0.46953125 0.4875 0.0140625 0.02578125
7 0.2453125 0.584375 0.03203125 0.0265625
3 0.46875 0.28515625 0.028125 0.028125
7 0.3328125 0.5828125 0.02109375 0.025
4 0.446875 0.62265625 0.02109375 0.03125
2 0.2203125 0.453125 0.01484375 0.040625
2 0.4328125 0.4671875 0.0125 0.03125
3 0.24375 0.253125 0.02421875 0.0265625
2 0.2625 0.43828125 0.0125 0.0359375
0 0.40859375 0.3453125 0.01875 0.03828125
0 0.29765625 0.328125 0.0203125 0.03828125
5 0.2390625 0.35546875 0.04765625 0.121875