6 0.63203125 0.640625 0.11640625 0.55390625
8 0.57890625 0.39453125 0.046875 0.13359375
3 0.6578125 0.39140625 0.03359375 0.05859375
4 0.5609375 0.57421875 0.02109375 0.01953125
2 0.58515625 0.6671875 0.015625 0.03671875
4 0.57734375 0.55703125 0.009375 0.02109375
4 0.61875 0.84921875 0.0234375 0.03125
3 0.59453125 0.3015625 0.01953125 0.03125
4 0.58828125 0.8953125 0.0265625 0.03671875
2 0.659375 0.70390625 0.01953125 0.0328125
5 0.6328125 0.559375 0.0859375 0.24375
2 0.6078125 0.45078125 0.00703125 0.0203125
2 0.55546875 0.44140625 0.009375 0.03359375
6 0.5796875 0.434375 0.065625 0.30703125