3 0.5171875 0.28984375 0.03125 0.0328125
3 0.67421875 0.390625 0.0484375 0.04375
1 0.31171875 0.271875 0.046875 0.05390625
5 0.52421875 0.4234375 0.06484375 0.153125
8 0.29921875 0.4203125 0.06875 0.190625
0 0.275 0.515625 0.02734375 0.0671875
0 0.32890625 0.5 0.015625 0.05546875
7 0.26171875 0.68984375 0.021875 0.0359375
7 0.29921875 0.6796875 0.0375 0.03359375
0 0.53828125 0.5203125 0.01953125 0.046875
0 0.48359375 0.48828125 0.01328125 0.0453125
4 0.509375 0.6828125 0.015625 0.028125
4 0.4859375 0.6703125 0.03203125 0.0234375
4 0.61796875 0.93359375 0.05546875 0.053125
4 0.61953125 0.890625 0.0203125 0.02890625
5 0.68125 0.5921875 0.08984375 0.25859375
6 0.65703125 0.6578125 0.12421875 0.63984375
6 0.51171875 0.4921875 0.1109375 0.4546875
6 0.29296875 0.471875 0.10234375 0.47109375