6 0.471875 0.4875 0.0890625 0.446875
6 0.284375 0.484375 0.096875 0.4765625
8 0.2921875 0.425 0.06796875 0.19765625
1 0.30546875 0.27421875 0.04375 0.04765625
5 0.478125 0.41796875 0.05625 0.159375
0 0.484375 0.51640625 0.02109375 0.04921875
7 0.29609375 0.6828125 0.0375 0.0328125
0 0.24765625 0.515625 0.0203125 0.07109375
3 0.475 0.27890625 0.0328125 0.034375
4 0.44375 0.66796875 0.0234375 0.01953125
4 0.46171875 0.6875 0.03046875 0.021875
7 0.26640625 0.69453125 0.02109375 0.0390625
0 0.315625 0.50703125 0.01328125 0.04375