0 0.5140625 0.3234375 0.0078125 0.02109375
1 0.50078125 0.221875 0.015625 0.02265625
0 0.48125 0.3234375 0.009375 0.01796875
1 0.43828125 0.2015625 0.0125 0.0171875
6 0.43671875 0.2703125 0.0421875 0.16953125
4 0.503125 0.39921875 0.0109375 0.0125
4 0.4921875 0.39921875 0.0109375 0.015625
5 0.4359375 0.2421875 0.0296875 0.06328125
0 0.4546875 0.19609375 0.0078125 0.01484375
0 0.4234375 0.19609375 0.009375 0.015625
4 0.43203125 0.34453125 0.01328125 0.021875
4 0.4421875 0.3421875 0.01484375 0.01953125
6 0.5 0.30703125 0.04140625 0.2203125
8 0.49921875 0.284375 0.03203125 0.0890625