6 0.60625 0.459375 0.06953125 0.36796875
4 0.46171875 0.5578125 0.0265625 0.01875
4 0.58671875 0.61328125 0.028125 0.01875
4 0.44765625 0.57109375 0.01875 0.02578125
3 0.60625 0.290625 0.02578125 0.0296875
2 0.5984375 0.31328125 0.0171875 0.03828125
3 0.46953125 0.24609375 0.02109375 0.02421875
2 0.43203125 0.425 0.01171875 0.03203125
2 0.58828125 0.4625 0.00859375 0.03125
5 0.4578125 0.35390625 0.040625 0.11953125
5 0.6140625 0.39296875 0.04765625 0.13125
4 0.615625 0.62734375 0.0125 0.03125
6 0.4546875 0.409375 0.059375 0.34296875