5 0.45234375 0.46640625 0.08046875 0.2125
6 0.6328125 0.546875 0.1078125 0.48125
5 0.5359375 0.46796875 0.0609375 0.1921875
6 0.53203125 0.55 0.0859375 0.49375
1 0.6390625 0.33203125 0.03828125 0.05
7 0.5734375 0.72421875 0.0421875 0.04375
7 0.628125 0.75 0.03671875 0.0421875
4 0.51875 0.76015625 0.03671875 0.03828125
3 0.521875 0.33046875 0.0375 0.040625
3 0.4625 0.321875 0.03125 0.0546875
7 0.41953125 0.7578125 0.028125 0.040625
5 0.653125 0.46875 0.0515625 0.178125
2 0.54375 0.56796875 0.0171875 0.03359375
4 0.50546875 0.7265625 0.0328125 0.028125
7 0.46328125 0.7640625 0.0171875 0.034375
0 0.63359375 0.51171875 0.01640625 0.03125