6 0.2875 0.47734375 0.0875 0.4625
6 0.42890625 0.47578125 0.0765625 0.440625
6 0.5796875 0.521875 0.08828125 0.4359375
1 0.3046875 0.278125 0.04609375 0.05703125
4 0.434375 0.6734375 0.02265625 0.0328125
4 0.4 0.66796875 0.021875 0.03046875
4 0.5765625 0.70859375 0.025 0.0390625
4 0.5484375 0.70625 0.02421875 0.03359375
2 0.57890625 0.5015625 0.01640625 0.0265625
2 0.5609375 0.52421875 0.01640625 0.02890625
3 0.59453125 0.315625 0.02421875 0.025
5 0.5859375 0.4515625 0.0734375 0.15
2 0.4 0.48984375 0.01640625 0.04296875
2 0.45703125 0.49765625 0.01328125 0.04140625
3 0.44453125 0.27265625 0.028125 0.02578125
5 0.43125 0.40859375 0.07109375 0.1625
7 0.2984375 0.67890625 0.03828125 0.0375
7 0.2625 0.6890625 0.02265625 0.046875
8 0.28984375 0.421875 0.0734375 0.19453125
2 0.2515625 0.5140625 0.01796875 0.04765625
2 0.3234375 0.50078125 0.01640625 0.04765625