6 0.28828125 0.4796875 0.08125 0.4671875
1 0.303125 0.275 0.0453125 0.0484375
8 0.29140625 0.42421875 0.0734375 0.19453125
2 0.3203125 0.50625 0.0109375 0.04375
2 0.25546875 0.515625 0.0125 0.04375
7 0.2984375 0.6796875 0.0375 0.0359375
7 0.2625 0.6890625 0.021875 0.04453125
6 0.43046875 0.4765625 0.08125 0.425
3 0.4453125 0.2765625 0.0296875 0.02421875
5 0.4359375 0.41171875 0.0671875 0.15859375
2 0.39921875 0.49296875 0.01328125 0.0390625
2 0.45625 0.4984375 0.0109375 0.03671875
4 0.40078125 0.6671875 0.021875 0.0328125
4 0.434375 0.67109375 0.01875 0.03125
6 0.58515625 0.52421875 0.09921875 0.4265625
3 0.58515625 0.32578125 0.03046875 0.025
5 0.5859375 0.45 0.06484375 0.1359375
2 0.56484375 0.40390625 0.01875 0.025
2 0.60234375 0.41484375 0.01875 0.025
4 0.57578125 0.71015625 0.02421875 0.040625
4 0.5484375 0.70703125 0.0234375 0.03515625