8 0.56484375 0.39140625 0.0484375 0.12890625
4 0.63359375 0.60546875 0.0125 0.0203125
4 0.5453125 0.58671875 0.0109375 0.025
3 0.571875 0.30234375 0.0203125 0.03515625
2 0.5828125 0.46328125 0.01171875 0.0296875
4 0.5609375 0.5453125 0.01015625 0.025
3 0.65234375 0.32890625 0.0234375 0.040625
2 0.52421875 0.44140625 0.0109375 0.0328125
4 0.61640625 0.6171875 0.0203125 0.02421875
2 0.61171875 0.45703125 0.01171875 0.01953125
5 0.6421875 0.42109375 0.053125 0.1359375
2 0.67109375 0.46953125 0.0125 0.02421875
2 0.64375 0.46796875 0.0796875 0.3328125
6 0.5546875 0.440625 0.07890625 0.321875