8 0.44453125 0.4609375 0.084375 0.225
6 0.43984375 0.5375 0.11875 0.540625
6 0.221875 0.43671875 0.075 0.3921875
7 0.41328125 0.775 0.0359375 0.04765625
1 0.45703125 0.29296875 0.0359375 0.04375
7 0.20546875 0.61171875 0.025 0.03515625
6 0.94765625 0.70234375 0.1 0.484375
5 0.94453125 0.625 0.0671875 0.17265625
7 0.43515625 0.71796875 0.01875 0.0453125
2 0.2234375 0.45390625 0.0171875 0.046875
2 0.90859375 0.70078125 0.01484375 0.03125
0 0.39296875 0.54765625 0.01796875 0.07421875
5 0.221875 0.36796875 0.0546875 0.14765625
3 0.9890625 0.49375 0.01953125 0.04453125
0 0.47734375 0.57109375 0.01796875 0.07421875