8 0.30546875 0.42890625 0.0734375 0.20234375
6 0.64921875 0.63984375 0.1234375 0.571875
6 0.30625 0.49375 0.0890625 0.471875
5 0.6703125 0.55546875 0.0671875 0.2171875
1 0.31953125 0.284375 0.0359375 0.04765625
6 0.2171875 0.3828125 0.06875 0.33671875
4 0.6125 0.89140625 0.0546875 0.04140625
0 0.2671875 0.503125 0.01953125 0.05078125
0 0.23671875 0.4078125 0.0140625 0.0359375
0 0.3265625 0.53515625 0.015625 0.0625
3 0.6625 0.38046875 0.040625 0.04296875
4 0.2328125 0.53515625 0.02265625 0.021875
4 0.6109375 0.85 0.028125 0.03125
4 0.30625 0.71015625 0.04609375 0.0234375
4 0.31328125 0.6828125 0.01640625 0.015625
4 0.196875 0.528125 0.0265625 0.02265625
3 0.215625 0.23359375 0.0265625 0.025
4 0.22734375 0.33671875 0.04375 0.121875