6 0.56796875 0.54140625 0.0984375 0.4484375
6 0.37734375 0.51875 0.0984375 0.4921875
8 0.4640625 0.41640625 0.06796875 0.1890625
1 0.478125 0.29375 0.03515625 0.059375
5 0.5828125 0.48046875 0.05625 0.1765625
7 0.471875 0.67578125 0.028125 0.0390625
7 0.4015625 0.7375 0.03046875 0.034375
6 0.4640625 0.4828125 0.090625 0.44609375
3 0.58125 0.3375 0.0375 0.03984375
7 0.4328125 0.665625 0.0234375 0.034375
4 0.5546875 0.74296875 0.040625 0.028125
2 0.571875 0.59296875 0.01640625 0.02578125
3 0.384375 0.3 0.03203125 0.03984375
2 0.540625 0.4875 0.01796875 0.03203125
7 0.359375 0.73515625 0.01875 0.03203125
5 0.378125 0.4484375 0.07890625 0.2046875
4 0.51875 0.70859375 0.0375 0.0359375