6 0.5171875 0.51015625 0.08203125 0.496875
1 0.48125 0.2953125 0.0328125 0.0609375
5 0.5203125 0.440625 0.06171875 0.225
7 0.4578125 0.66484375 0.0328125 0.0375
3 0.41171875 0.29921875 0.0359375 0.0453125
8 0.459375 0.40234375 0.0640625 0.16875
7 0.4078125 0.73046875 0.040625 0.028125
4 0.5 0.73515625 0.0421875 0.03046875
7 0.42578125 0.671875 0.01875 0.03671875
6 0.4125 0.51484375 0.1125 0.4875
5 0.3984375 0.434375 0.0640625 0.203125
4 0.4953125 0.70625 0.02734375 0.0265625
6 0.46484375 0.4859375 0.05625 0.47109375