6 0.47890625 0.4625 0.0875 0.39765625
6 0.29453125 0.48984375 0.0890625 0.465625
5 0.484375 0.39609375 0.06640625 0.1359375
8 0.28828125 0.4265625 0.06796875 0.1984375
1 0.309375 0.29375 0.04609375 0.06484375
0 0.259375 0.5265625 0.02109375 0.0578125
7 0.30625 0.68046875 0.0375 0.0328125
4 0.4765625 0.6375 0.0234375 0.0296875
3 0.49140625 0.28125 0.025 0.0296875
7 0.278125 0.696875 0.02265625 0.0375
0 0.44609375 0.465625 0.0140625 0.0375
0 0.51640625 0.48046875 0.015625 0.04453125
0 0.32421875 0.50078125 0.0140625 0.05
6 0.59375 0.34765625 0.0390625 0.1796875
3 0.5953125 0.2796875 0.0140625 0.01640625
5 0.59453125 0.31640625 0.0203125 0.05
4 0.58671875 0.41328125 0.0125 0.0171875