0 0.4203125 0.675 0.0359375 0.0828125
4 0.6109375 0.92265625 0.01875 0.04296875
8 0.42265625 0.5296875 0.08984375 0.28203125
4 0.55625 0.9015625 0.0328125 0.0484375
1 0.60625 0.31875 0.0546875 0.065625
4 0.43125 0.890625 0.03984375 0.06875
0 0.6515625 0.66171875 0.02265625 0.07421875
0 0.54921875 0.5875 0.01875 0.053125
4 0.440625 0.8640625 0.059375 0.0390625
5 0.6046875 0.528125 0.09765625 0.2625
6 0.5984375 0.5984375 0.14140625 0.70859375
6 0.425 0.609375 0.1453125 0.753125
6 0.45625 0.884375 0.01171875 0.003125
1 0.43125 0.309375 0.06640625 0.08203125