6 0.5984375 0.60234375 0.259375 0.57265625
4 0.54453125 0.86484375 0.03671875 0.03046875
4 0.5046875 0.853125 0.021875 0.03359375
8 0.553125 0.5171875 0.09140625 0.25390625
3 0.57109375 0.3359375 0.03828125 0.0625
3 0.60234375 0.290625 0.01328125 0.01875
6 0.6109375 0.3515625 0.06484375 0.1390625
2 0.70703125 0.47109375 0.040625 0.05390625
2 0.48515625 0.60390625 0.02734375 0.0625
2 0.63671875 0.38359375 0.0125 0.0203125
2 0.55390625 0.37265625 0.00859375 0.01640625
5 0.60078125 0.36015625 0.02734375 0.0875