6 0.38046875 0.47890625 0.0953125 0.47421875
8 0.384375 0.4125 0.07109375 0.19140625
5 0.4609375 0.40859375 0.05234375 0.16328125
6 0.2328125 0.434375 0.0640625 0.384375
1 0.390625 0.2625 0.03359375 0.0390625
4 0.42265625 0.60625 0.0328125 0.0234375
4 0.44609375 0.621875 0.0203125 0.02890625
7 0.22890625 0.609375 0.03125 0.028125
7 0.3625 0.69375 0.0203125 0.040625
2 0.4609375 0.48671875 0.0140625 0.025
3 0.46171875 0.28046875 0.0234375 0.02421875
2 0.2421875 0.465625 0.0125 0.04375
7 0.38203125 0.65390625 0.0140625 0.0328125
3 0.23984375 0.2546875 0.0265625 0.03125
0 0.34453125 0.4765625 0.01328125 0.0390625
5 0.23046875 0.3734375 0.04375 0.15625