8 0.490625 0.4125 0.06953125 0.1796875
6 0.40234375 0.51640625 0.10546875 0.490625
6 0.590625 0.54296875 0.0984375 0.44765625
1 0.48984375 0.29765625 0.034375 0.05703125
5 0.6078125 0.478125 0.0546875 0.17109375
4 0.5578125 0.740625 0.03984375 0.03125
3 0.42578125 0.31171875 0.0296875 0.05390625
3 0.60390625 0.35 0.0359375 0.05703125
7 0.446875 0.6625 0.02734375 0.0328125
7 0.421875 0.7359375 0.0390625 0.0296875
5 0.41015625 0.4484375 0.0765625 0.203125
7 0.48515625 0.6765625 0.0171875 0.034375
4 0.59140625 0.725 0.0296875 0.028125
2 0.54375 0.4484375 0.01953125 0.028125
7 0.359375 0.73515625 0.01953125 0.03046875
2 0.6125 0.5828125 0.0125 0.028125
6 0.49296875 0.48984375 0.08046875 0.43515625
0 0.51328125 0.4453125 0.02578125 0.04453125