6 0.56015625 0.484375 0.0875 0.4
3 0.57421875 0.30390625 0.0296875 0.0359375
5 0.5546875 0.409375 0.0421875 0.1390625
4 0.5375 0.65625 0.03046875 0.034375
2 0.59140625 0.40078125 0.01640625 0.028125
0 0.55859375 0.50859375 0.02265625 0.059375
7 0.55625 0.6296875 0.03046875 0.0578125
6 0.1359375 0.39609375 0.06953125 0.3484375
2 0.14375 0.3296875 0.0140625 0.02578125
2 0.11328125 0.32890625 0.0125 0.028125
4 0.14453125 0.53828125 0.01796875 0.028125
4 0.125 0.53828125 0.0203125 0.03203125
5 0.13671875 0.34296875 0.0578125 0.11796875
3 0.13359375 0.2328125 0.02421875 0.01875