6 0.28515625 0.478125 0.10625 0.45703125
6 0.415625 0.45625 0.06953125 0.4046875
0 0.24375 0.5015625 0.01875 0.0625
0 0.43515625 0.48203125 0.0140625 0.05234375
0 0.396875 0.4515625 0.0109375 0.04296875
1 0.2984375 0.271875 0.034375 0.03984375
8 0.29296875 0.415625 0.0828125 0.1984375
7 0.27421875 0.68671875 0.01875 0.034375
7 0.2953125 0.665625 0.015625 0.03671875
3 0.4328125 0.26875 0.028125 0.02421875
5 0.41875 0.378125 0.053125 0.1328125
4 0.4171875 0.61640625 0.0140625 0.015625
4 0.40546875 0.64140625 0.0296875 0.02421875