3 0.59140625 0.28671875 0.034375 0.02890625
3 0.4625 0.2390625 0.02578125 0.0265625
2 0.57578125 0.4703125 0.01328125 0.02734375
2 0.6234375 0.46953125 0.0140625 0.034375
2 0.4421875 0.4328125 0.0125 0.0296875
4 0.603125 0.61875 0.01640625 0.02421875
4 0.58203125 0.615625 0.021875 0.01875
4 0.4484375 0.57109375 0.0203125 0.01640625
4 0.46015625 0.55859375 0.02265625 0.0140625
5 0.6 0.384375 0.05234375 0.1203125
5 0.453125 0.35078125 0.03515625 0.12421875
6 0.5984375 0.44765625 0.078125 0.4
6 0.4546875 0.40546875 0.04921875 0.3703125