6 0.440625 0.56875 0.10859375 0.5984375
4 0.6109375 0.85 0.025 0.04375
4 0.64140625 0.85234375 0.021875 0.0453125
4 0.4234375 0.83515625 0.03125 0.0421875
3 0.4296875 0.3 0.0390625 0.0515625
3 0.63984375 0.3234375 0.03125 0.03828125
2 0.6734375 0.6359375 0.02109375 0.053125
2 0.5921875 0.63984375 0.0234375 0.04921875
2 0.47421875 0.61484375 0.0234375 0.04765625
2 0.39375 0.6046875 0.01484375 0.0453125
5 0.63828125 0.50703125 0.078125 0.19453125
5 0.44140625 0.4875 0.0828125 0.20625
4 0.459375 0.83359375 0.02109375 0.046875
6 0.6328125 0.5875 0.103125 0.5796875