5 0.70234375 0.428125 0.0578125 0.15859375
6 0.7015625 0.4875 0.0734375 0.41875
4 0.7109375 0.6796875 0.0234375 0.0296875
5 0.471875 0.2765625 0.0296875 0.0734375
6 0.4734375 0.31015625 0.040625 0.209375
4 0.68046875 0.68125 0.0140625 0.0296875
3 0.7046875 0.28984375 0.02421875 0.025
2 0.6828125 0.51875 0.01484375 0.03515625
4 0.47890625 0.4078125 0.0171875 0.01171875
3 0.47890625 0.21640625 0.01328125 0.01484375
2 0.73984375 0.50703125 0.009375 0.0421875
4 0.4671875 0.40546875 0.009375 0.0109375
2 0.48984375 0.32265625 0.00703125 0.02421875
2 0.4609375 0.315625 0.00703125 0.01796875