6 0.5078125 0.309375 0.05546875 0.2203125
6 0.4484375 0.278125 0.0296875 0.16171875
0 0.54375 0.3109375 0.01171875 0.02421875
0 0.46875 0.30625 0.01171875 0.02578125
0 0.4515625 0.25625 0.01015625 0.01953125
0 0.440625 0.25078125 0.0078125 0.01875
8 0.50625 0.2875 0.034375 0.08828125
5 0.45 0.25234375 0.01953125 0.0625
1 0.4453125 0.203125 0.01484375 0.01875
1 0.50703125 0.2203125 0.01875 0.0203125
7 0.44921875 0.34765625 0.01796875 0.015625
4 0.49765625 0.40625 0.01484375 0.015625
4 0.51015625 0.40703125 0.0109375 0.01640625