6 0.34609375 0.51640625 0.1015625 0.48984375
8 0.33671875 0.44375 0.071875 0.2171875
6 0.896875 0.6640625 0.128125 0.51015625
6 0.25234375 0.41875 0.078125 0.340625
3 0.928125 0.434375 0.03515625 0.0375
5 0.928125 0.56640625 0.0578125 0.165625
7 0.3140625 0.71171875 0.02421875 0.02734375
7 0.34765625 0.73671875 0.0453125 0.03359375
3 0.34296875 0.29140625 0.0296875 0.03828125
4 0.24375 0.571875 0.0140625 0.0359375
2 0.88828125 0.65 0.015625 0.03125
2 0.88984375 0.56171875 0.02109375 0.04375
7 0.83828125 0.8609375 0.05 0.0484375
4 0.26953125 0.5703125 0.03203125 0.02734375
5 0.26015625 0.359375 0.05859375 0.11484375
3 0.2703125 0.24609375 0.02421875 0.028125
2 0.38046875 0.471875 0.01640625 0.0265625
2 0.37265625 0.421875 0.01640625 0.02265625