6 0.65625 0.68828125 0.14296875 0.61875
6 0.45859375 0.59296875 0.1296875 0.6203125
8 0.46328125 0.51640625 0.0953125 0.2734375
5 0.66328125 0.61171875 0.09375 0.27421875
3 0.684375 0.4125 0.04296875 0.06484375
3 0.48828125 0.31640625 0.0421875 0.05625
2 0.70390625 0.76328125 0.01953125 0.040625
2 0.615625 0.771875 0.01953125 0.034375
4 0.465625 0.85 0.03984375 0.04296875
2 0.41171875 0.63125 0.021875 0.06484375
4 0.640625 0.9828125 0.03203125 0.03125
4 0.60625 0.9828125 0.0265625 0.03203125
2 0.503125 0.62421875 0.0171875 0.0515625
4 0.4359375 0.86171875 0.02578125 0.059375