6 0.1265625 0.3953125 0.07890625 0.35
6 0.35234375 0.43671875 0.07578125 0.38515625
6 0.234375 0.38515625 0.0625 0.3171875
5 0.35390625 0.38125 0.05546875 0.16171875
4 0.2265625 0.52421875 0.0265625 0.021875
4 0.1046875 0.54140625 0.021875 0.021875
0 0.134375 0.41875 0.01640625 0.04921875
5 0.2328125 0.31640625 0.0453125 0.09921875
4 0.3578125 0.5875 0.02734375 0.0296875
4 0.121875 0.5515625 0.01328125 0.028125
3 0.36640625 0.259375 0.025 0.03046875
8 0.1234375 0.3453125 0.0578125 0.1515625
2 0.33515625 0.4578125 0.0125 0.02890625
0 0.2390625 0.38125 0.015625 0.0296875
2 0.37421875 0.44140625 0.01484375 0.03359375
0 0.23046875 0.3484375 0.01484375 0.0328125
3 0.2609375 0.2671875 0.0125 0.03203125
4 0.3375 0.5984375 0.02265625 0.0375
0 0.0953125 0.39296875 0.0109375 0.03203125