5 0.603125 0.396875 0.06328125 0.14765625
6 0.45 0.41640625 0.05625 0.3453125
4 0.61875 0.6265625 0.0109375 0.03515625
4 0.5828125 0.63125 0.028125 0.01875
3 0.59375 0.29765625 0.021875 0.03125
3 0.46796875 0.25390625 0.021875 0.02265625
4 0.446875 0.56875 0.01953125 0.02578125
4 0.46171875 0.55625 0.02578125 0.02109375
2 0.575 0.4875 0.0140625 0.025
2 0.6234375 0.46875 0.015625 0.034375
5 0.4546875 0.3515625 0.05 0.1125
2 0.4296875 0.4140625 0.009375 0.03046875
2 0.4671875 0.4140625 0.00703125 0.02265625
6 0.60234375 0.46484375 0.06875 0.3578125