6 0.5375 0.43203125 0.0984375 0.4078125
1 0.43515625 0.22265625 0.02578125 0.0296875
8 0.521875 0.37734375 0.0546875 0.14921875
1 0.525 0.2625 0.0296875 0.04140625
6 0.43359375 0.359375 0.0390625 0.3
4 0.51796875 0.58046875 0.01640625 0.0265625
0 0.425 0.371875 0.0109375 0.03125
4 0.54609375 0.59453125 0.021875 0.02578125
0 0.46875 0.42734375 0.015625 0.03828125
0 0.58515625 0.41328125 0.01796875 0.0359375
0 0.4453125 0.3609375 0.00859375 0.03359375
5 0.43125 0.309375 0.03046875 0.1125
7 0.43125 0.48984375 0.0265625 0.0265625
7 0.44140625 0.47734375 0.02421875 0.0171875