6 0.51484375 0.6375 0.05859375 0.5140625
6 0.5796875 0.53828125 0.0828125 0.40625
6 0.68671875 0.7390625 0.1171875 0.51875
8 0.6921875 0.67734375 0.0875 0.2359375
5 0.57890625 0.496875 0.0625 0.14375
7 0.5140625 0.86015625 0.0375 0.03984375
1 0.71640625 0.53046875 0.04375 0.07890625
4 0.59140625 0.721875 0.01484375 0.0375
4 0.565625 0.70390625 0.01640625 0.034375
5 0.515625 0.57578125 0.0625 0.17109375
3 0.5875 0.384375 0.02265625 0.0265625
3 0.5265625 0.4265625 0.03515625 0.0328125
0 0.6390625 0.7671875 0.02421875 0.0703125
7 0.65 0.92734375 0.0296875 0.06484375
2 0.61015625 0.5640625 0.01171875 0.01875