6 0.50078125 0.31328125 0.0375 0.2234375
4 0.49921875 0.4015625 0.021875 0.01171875
1 0.4984375 0.2234375 0.01953125 0.02421875
6 0.43359375 0.271875 0.04375 0.16796875
5 0.43359375 0.24140625 0.03359375 0.0609375
0 0.45390625 0.196875 0.00546875 0.01796875
0 0.4171875 0.19453125 0.009375 0.0203125
0 0.49765625 0.3234375 0.0109375 0.02734375
1 0.434375 0.20078125 0.0109375 0.01484375
7 0.50078125 0.284375 0.0265625 0.08203125
7 0.44140625 0.3453125 0.009375 0.0140625
7 0.42890625 0.34609375 0.00703125 0.01328125