7 0.275 0.68828125 0.0203125 0.0421875
7 0.3015625 0.68125 0.03671875 0.0359375
2 0.26015625 0.5203125 0.015625 0.03984375
2 0.32578125 0.50234375 0.0125 0.03359375
1 0.3046875 0.271875 0.0453125 0.046875
8 0.29609375 0.41875 0.06875 0.19375
3 0.46015625 0.271875 0.03046875 0.0296875
2 0.4796875 0.50625 0.0109375 0.03671875
2 0.4046875 0.4921875 0.01328125 0.0390625
4 0.44609375 0.671875 0.0203125 0.0296875
5 0.45 0.40859375 0.075 0.15
5 0.584375 0.4453125 0.06796875 0.1359375
3 0.5921875 0.309375 0.0296875 0.04140625
2 0.6046875 0.56015625 0.0140625 0.03515625
2 0.53046875 0.5296875 0.0125 0.03203125
4 0.5625 0.7140625 0.0296875 0.03125
4 0.540625 0.69296875 0.025 0.0265625
4 0.4125 0.66640625 0.02109375 0.02578125
6 0.571875 0.5171875 0.0890625 0.44921875
6 0.4421875 0.48125 0.09296875 0.44375
6 0.296875 0.48125 0.0890625 0.4734375