6 0.4234375 0.51875 0.096875 0.484375
6 0.56015625 0.52109375 0.08125 0.45
5 0.565625 0.4578125 0.05625 0.175
7 0.43828125 0.73125 0.0375 0.034375
3 0.42578125 0.30234375 0.03125 0.0390625
4 0.5515625 0.71875 0.03125 0.03671875
2 0.5578125 0.553125 0.015625 0.03125
3 0.56640625 0.325 0.03359375 0.040625
7 0.4859375 0.634375 0.0390625 0.03359375
5 0.4234375 0.44375 0.075 0.20234375
5 0.50625 0.38671875 0.04375 0.134375
7 0.40234375 0.71796875 0.01796875 0.0328125
1 0.4859375 0.30625 0.01953125 0.03125