6 0.434375 0.49375 0.0890625 0.4390625
6 0.6328125 0.58984375 0.12890625 0.53125
6 0.2578125 0.4203125 0.0859375 0.34765625
5 0.43046875 0.43046875 0.0578125 0.190625
5 0.66015625 0.515625 0.0640625 0.2140625
3 0.4453125 0.296875 0.02890625 0.03359375
3 0.65625 0.346875 0.0375 0.04609375
5 0.259375 0.3671875 0.06875 0.15
7 0.440625 0.68515625 0.0390625 0.03125
7 0.59453125 0.78671875 0.0453125 0.040625
7 0.4125 0.66796875 0.0203125 0.028125
7 0.628125 0.82265625 0.05234375 0.04140625
2 0.60078125 0.5390625 0.0171875 0.03828125
2 0.25078125 0.4375 0.0140625 0.021875
4 0.26640625 0.56875 0.0265625 0.021875
4 0.24609375 0.578125 0.01328125 0.0234375
3 0.275 0.24765625 0.0234375 0.02890625