6 0.30546875 0.49140625 0.08828125 0.47421875
6 0.475 0.50546875 0.1203125 0.44140625
6 0.6671875 0.64140625 0.11796875 0.56015625
1 0.32578125 0.284375 0.04296875 0.04921875
0 0.3 0.53203125 0.0265625 0.06640625
0 0.4375 0.4296875 0.03046875 0.0375
0 0.48125 0.46640625 0.0234375 0.04375
8 0.2984375 0.43046875 0.071875 0.1984375
7 0.28671875 0.69921875 0.03515625 0.0453125
7 0.3078125 0.6765625 0.04140625 0.03203125
3 0.4875 0.30078125 0.03828125 0.0234375
3 0.66875 0.3921875 0.04609375 0.0390625
5 0.4953125 0.428125 0.07578125 0.16171875
5 0.67578125 0.55625 0.1015625 0.225
2 0.6859375 0.42734375 0.028125 0.03203125
4 0.46796875 0.675 0.0328125 0.02890625
4 0.49765625 0.68671875 0.01953125 0.04140625
4 0.6265625 0.8375 0.02890625 0.04765625
4 0.6359375 0.884375 0.05390625 0.0390625