4 0.521875 0.41484375 0.01171875 0.01640625
4 0.5109375 0.41484375 0.009375 0.01640625
1 0.51484375 0.2203125 0.0171875 0.01953125
5 0.43671875 0.26484375 0.03203125 0.06953125
7 0.43515625 0.38515625 0.0078125 0.0140625
0 0.53046875 0.33125 0.00703125 0.02109375
0 0.5015625 0.3375 0.0078125 0.0171875
7 0.44609375 0.37578125 0.00859375 0.025
0 0.42265625 0.3046875 0.00546875 0.015625
1 0.434375 0.2109375 0.0140625 0.015625
0 0.44921875 0.309375 0.00625 0.021875
8 0.51484375 0.29140625 0.0359375 0.08203125
6 0.515625 0.31953125 0.03828125 0.2265625
6 0.4390625 0.296875 0.04453125 0.20390625