6 0.26328125 0.4203125 0.0796875 0.34765625
8 0.459375 0.47265625 0.08671875 0.1640625
3 0.521875 0.31015625 0.03125 0.0453125
3 0.45078125 0.29921875 0.0296875 0.03671875
5 0.2625 0.3671875 0.0625 0.1609375
6 0.5140625 0.540625 0.103125 0.50859375
7 0.4625 0.73203125 0.0375 0.04375
7 0.5375 0.7609375 0.03671875 0.0421875
7 0.43203125 0.6875 0.040625 0.03046875
5 0.5234375 0.43984375 0.059375 0.165625
4 0.246875 0.57265625 0.015625 0.03359375
2 0.253125 0.43671875 0.01484375 0.021875
4 0.26796875 0.56953125 0.0265625 0.02578125
3 0.27890625 0.2515625 0.02421875 0.02890625