6 0.61953125 0.528125 0.0859375 0.4625
6 0.7890625 0.65546875 0.12578125 0.51796875
6 0.51328125 0.54375 0.10625 0.49765625
8 0.515625 0.48125 0.06875 0.22578125
5 0.803125 0.5859375 0.08125 0.2125
1 0.54453125 0.32890625 0.0421875 0.053125
5 0.62734375 0.4515625 0.0515625 0.1984375
4 0.6015625 0.72265625 0.0359375 0.03984375
3 0.81015625 0.4171875 0.03125 0.040625
3 0.6453125 0.31640625 0.028125 0.03515625
2 0.8 0.703125 0.0203125 0.03359375
4 0.525 0.75625 0.040625 0.03671875
4 0.76328125 0.890625 0.04375 0.0359375
2 0.6046875 0.5515625 0.01484375 0.0359375
4 0.4765625 0.7453125 0.02109375 0.0375
2 0.54140625 0.609375 0.0125 0.0234375
4 0.74296875 0.86015625 0.0296875 0.03515625
2 0.646875 0.5328125 0.00859375 0.028125