6 0.36328125 0.4328125 0.084375 0.36171875
6 0.109375 0.396875 0.065625 0.353125
4 0.22734375 0.52109375 0.02578125 0.02734375
4 0.10546875 0.55546875 0.0203125 0.025
0 0.09375 0.425 0.0171875 0.053125
8 0.1078125 0.34765625 0.046875 0.153125
4 0.340625 0.58671875 0.0140625 0.028125
6 0.23046875 0.384375 0.0703125 0.3234375
1 0.11640625 0.234375 0.03046875 0.034375
2 0.3921875 0.46796875 0.01640625 0.03671875
0 0.23828125 0.31328125 0.0203125 0.02578125
3 0.25 0.2390625 0.02265625 0.02578125
3 0.38125 0.265625 0.02265625 0.01953125
4 0.35859375 0.6 0.03203125 0.01875
4 0.1234375 0.53984375 0.01484375 0.01875
5 0.2328125 0.33125 0.05390625 0.11328125
5 0.3625 0.36953125 0.06328125 0.1421875