6 0.5984375 0.615625 0.1046875 0.64609375
6 0.4359375 0.6203125 0.103125 0.66171875
1 0.41484375 0.3296875 0.06171875 0.08125
4 0.565625 0.91484375 0.021875 0.04765625
0 0.55 0.67109375 0.01953125 0.06640625
8 0.4375 0.54375 0.0921875 0.3046875
1 0.60703125 0.32265625 0.05546875 0.06953125
0 0.6390625 0.640625 0.02265625 0.078125
0 0.4546875 0.6921875 0.03515625 0.07890625
5 0.59140625 0.53046875 0.0984375 0.2390625
4 0.6046875 0.8890625 0.04453125 0.0640625
4 0.43125 0.91640625 0.0515625 0.05859375
4 0.415625 0.884375 0.0515625 0.03046875