6 0.284375 0.55625 0.1171875 0.55
2 0.27421875 0.55859375 0.0234375 0.0375
6 0.6109375 0.37109375 0.046875 0.2015625
3 0.2828125 0.30390625 0.0296875 0.0421875
4 0.2953125 0.796875 0.03203125 0.040625
4 0.2578125 0.80546875 0.02109375 0.04765625
5 0.6140625 0.33515625 0.0328125 0.08125
5 0.26875 0.46171875 0.090625 0.20390625
2 0.2953125 0.546875 0.02109375 0.040625
3 0.61875 0.28359375 0.01171875 0.01640625
4 0.60703125 0.4578125 0.0109375 0.01484375
4 0.5984375 0.45078125 0.01015625 0.01484375