6 0.3 0.4859375 0.075 0.47890625
6 0.46484375 0.4875 0.096875 0.4421875
0 0.296875 0.515625 0.02265625 0.059375
0 0.50625 0.5078125 0.01171875 0.05
0 0.425 0.49296875 0.015625 0.0453125
1 0.3171875 0.275 0.0421875 0.05078125
8 0.3015625 0.428125 0.06875 0.2015625
3 0.47890625 0.284375 0.028125 0.03359375
5 0.46953125 0.425 0.0765625 0.18671875
7 0.28125 0.69765625 0.0328125 0.04375
7 0.30546875 0.675 0.0375 0.03671875
4 0.434375 0.6765625 0.0234375 0.03515625
4 0.4671875 0.68203125 0.02578125 0.03359375