2 0.4828125 0.51171875 0.02265625 0.040625
2 0.378125 0.48359375 0.021875 0.04140625
4 0.44609375 0.68515625 0.01953125 0.03046875
4 0.40234375 0.67421875 0.021875 0.02890625
3 0.44609375 0.27890625 0.0296875 0.0390625
5 0.44140625 0.409375 0.07890625 0.15625
4 0.5796875 0.71484375 0.0296875 0.03671875
4 0.54375 0.7046875 0.03125 0.0375
2 0.321875 0.49140625 0.015625 0.0421875
2 0.22578125 0.5078125 0.01953125 0.04140625
1 0.28828125 0.26640625 0.040625 0.04375
2 0.64296875 0.4921875 0.01875 0.025
2 0.521875 0.4640625 0.015625 0.03125
7 0.2890625 0.6734375 0.03515625 0.03671875
7 0.2578125 0.6859375 0.01875 0.03515625
5 0.5890625 0.45390625 0.06953125 0.15234375
8 0.27890625 0.4140625 0.0765625 0.1875
3 0.59765625 0.3140625 0.025 0.03125
6 0.5765625 0.52421875 0.09609375 0.44765625
6 0.43671875 0.484375 0.0984375 0.4546875
6 0.27421875 0.48125 0.11328125 0.46640625