2 0.4515625 0.6265625 0.02265625 0.05
2 0.6625 0.65546875 0.01640625 0.05859375
2 0.5921875 0.62421875 0.01484375 0.0546875
4 0.6296875 0.8671875 0.03515625 0.03671875
4 0.6125 0.8421875 0.03828125 0.034375
4 0.45 0.8453125 0.0453125 0.0421875
4 0.421875 0.81953125 0.04453125 0.02734375
5 0.63125 0.51484375 0.07109375 0.20703125
5 0.446875 0.48828125 0.059375 0.21328125
3 0.62734375 0.33125 0.04296875 0.03828125
3 0.43125 0.2921875 0.05 0.0375
6 0.6296875 0.59921875 0.0921875 0.57578125
6 0.44296875 0.5671875 0.07421875 0.603125